  0.0000000e+000  0.0000000e+000  0.0000000e+000  7.5000000e+004             NaN  2.0000000e+001  5.0000000e+001  1.0000000e+003
  1.6000000e+001  6.2305232e+000  1.0595937e+001  7.4894081e+004  1.7001064e+004  2.0000000e+001  5.0000000e+001  1.0000000e+003
  3.2000000e+001  8.9768331e+000  1.2121100e+001  7.4703765e+004  3.2576858e+004  2.0000000e+001  5.0000000e+001  1.0000000e+003
  4.8000000e+001  9.6843221e+000  1.0570871e+001  7.4525468e+004  5.4826180e+004  2.0000000e+001  5.0000000e+001  1.0000000e+003
  6.4000000e+001  9.8633070e+000  1.0529207e+001  7.4358885e+004  6.6662175e+004  2.0000000e+001  5.0000000e+001  1.0000000e+003
  8.0000000e+001  1.0037810e+001  1.0875264e+001  7.4186937e+004  7.3835134e+004  2.0000000e+001  5.0000000e+001  1.0000000e+003
  9.6000000e+001  1.0136458e+001  9.5748457e+000  7.4016764e+004  9.0365974e+004  2.0000000e+001  5.0000000e+001  1.0000000e+003
  1.1200000e+002  9.9455382e+000  8.3221461e+000  7.3876154e+004  1.0563685e+005  2.0000000e+001  5.0000000e+001  1.0000000e+003
  1.2800000e+002  9.8584586e+000  1.1854624e+001  7.3728259e+004  8.5916831e+004  2.0000000e+001  5.0000000e+001  1.0000000e+003
  1.4400000e+002  1.0239049e+001  1.4168057e+001  7.3515338e+004  7.7316498e+004  2.0000000e+001  5.0000000e+001  1.0000000e+003
  1.6000000e+002  1.0550768e+001  1.1679548e+001  7.3301326e+004  9.4025839e+004  2.0000000e+001  5.0000000e+001  1.0000000e+003
  1.7600000e+002  1.0582943e+001  1.0448810e+001  7.3126819e+004  1.0444978e+005  2.0000000e+001  5.0000000e+001  1.0000000e+003
  1.9200000e+002  1.0688708e+001  1.3658315e+001  7.2937079e+004  9.0213773e+004  2.0000000e+001  5.0000000e+001  1.0000000e+003
  2.0800000e+002  1.0968963e+001  1.4759000e+001  7.2707487e+004  8.7361856e+004  2.0000000e+001  5.0000000e+001  1.0000000e+003
  2.2400000e+002  1.1122068e+001  1.1701566e+001  7.2497535e+004  1.0319877e+005  2.0000000e+001  5.0000000e+001  1.0000000e+003
  2.4000000e+002  1.1127740e+001  1.0914771e+001  7.2318215e+004  1.0900119e+005  2.0000000e+001  5.0000000e+001  1.0000000e+003
  2.5600000e+002  1.1162554e+001  1.2131271e+001  7.2131224e+004  1.0550369e+005  2.0000000e+001  5.0000000e+001  1.0000000e+003
  2.7200000e+002  1.1223776e+001  1.1097180e+001  7.1935909e+004  1.1048468e+005  2.0000000e+001  5.0000000e+001  1.0000000e+003
  2.8800000e+002  1.1071565e+001  6.9341160e+000  7.1800318e+004  1.2751352e+005  2.0000000e+001  5.0000000e+001  1.0000000e+003
  3.0400000e+002  1.0832010e+001  6.8230621e+000  7.1696237e+004  1.2929169e+005  2.0000000e+001  5.0000000e+001  1.0000000e+003
  3.2000000e+002  1.0661435e+001  7.7565628e+000  7.1577679e+004  1.2767337e+005  2.0000000e+001  5.0000000e+001  1.0000000e+003
  3.3600000e+002  1.0554111e+001  1.0490668e+001  7.1443265e+004  1.1866530e+005  2.0000000e+001  5.0000000e+001  1.0000000e+003
  3.5200000e+002  1.0619270e+001  1.2880328e+001  7.1251398e+004  1.1027837e+005  2.0000000e+001  5.0000000e+001  1.0000000e+003
  3.6800000e+002  1.0693566e+001  1.0381761e+001  7.1054074e+004  1.1995172e+005  2.0000000e+001  5.0000000e+001  1.0000000e+003
  3.8400000e+002  1.0634495e+001  8.6147935e+000  7.0905719e+004  1.2715794e+005  2.0000000e+001  5.0000000e+001  1.0000000e+003
  4.0000000e+002  1.0577182e+001  1.0455867e+001  7.0758550e+004  1.2204510e+005  2.0000000e+001  5.0000000e+001  1.0000000e+003
  4.1600000e+002  1.0594517e+001  1.1368450e+001  7.0582086e+004  1.1982553e+005  2.0000000e+001  5.0000000e+001  1.0000000e+003
  4.3200000e+002  1.0596175e+001  9.6870186e+000  7.0411856e+004  1.2634535e+005  2.0000000e+001  5.0000000e+001  1.0000000e+003
  4.4800000e+002  1.0550704e+001  9.1027592e+000  7.0262734e+004  1.2917807e+005  2.0000000e+001  5.0000000e+001  1.0000000e+003
  4.6400000e+002  1.0507293e+001  9.4654714e+000  7.0114109e+004  1.2902645e+005  2.0000000e+001  5.0000000e+001  1.0000000e+003
  4.8000000e+002  1.0474696e+001  9.5640746e+000  6.9961671e+004  1.2965718e+005  2.0000000e+001  5.0000000e+001  1.0000000e+003
  4.9600000e+002  1.0389663e+001  6.8338749e+000  6.9836338e+004  1.3789108e+005  2.0000000e+001  5.0000000e+001  1.0000000e+003
  5.1200000e+002  1.0268343e+001  6.3413297e+000  6.9732340e+004  1.3985507e+005  2.0000000e+001  5.0000000e+001  1.0000000e+003
  5.2800000e+002  1.0150247e+001  6.3765894e+000  6.9630519e+004  1.4056668e+005  2.0000000e+001  5.0000000e+001  1.0000000e+003
  5.4400000e+002  1.0048013e+001  8.5723646e+000  6.9523833e+004  1.3549064e+005  2.0000000e+001  5.0000000e+001  1.0000000e+003
  5.6000000e+002  1.0065705e+001  1.1906962e+001  6.9353139e+004  1.2587304e+005  2.0000000e+001  5.0000000e+001  1.0000000e+003
  5.7600000e+002  1.0120748e+001  1.1233224e+001  6.9160329e+004  1.2834001e+005  2.0000000e+001  5.0000000e+001  1.0000000e+003
  5.9200000e+002  1.0131985e+001  1.0125061e+001  6.8991733e+004  1.3222373e+005  2.0000000e+001  5.0000000e+001  1.0000000e+003
  6.0800000e+002  1.0119168e+001  8.7080923e+000  6.8837426e+004  1.3664988e+005  2.0000000e+001  5.0000000e+001  1.0000000e+003
  6.2400000e+002  1.0070323e+001  7.9167436e+000  6.8706048e+004  1.3927684e+005  2.0000000e+001  5.0000000e+001  1.0000000e+003
  6.4000000e+002  1.0014623e+001  7.8180185e+000  6.8580627e+004  1.4018072e+005  2.0000000e+001  5.0000000e+001  1.0000000e+003
  6.5600000e+002  9.9610537e+000  7.8131219e+000  6.8455588e+004  1.4084281e+005  2.0000000e+001  5.0000000e+001  1.0000000e+003
  6.7200000e+002  9.9448484e+000  1.1051521e+001  6.8307117e+004  1.3278008e+005  2.0000000e+001  5.0000000e+001  1.0000000e+003
  6.8800000e+002  9.9862680e+000  1.2129494e+001  6.8119461e+004  1.2994551e+005  2.0000000e+001  5.0000000e+001  1.0000000e+003
  7.0400000e+002  1.0013852e+001  1.0381999e+001  6.7940235e+004  1.3507932e+005  2.0000000e+001  5.0000000e+001  1.0000000e+003
  7.2000000e+002  1.0015691e+001  9.9277118e+000  6.7778687e+004  1.3670231e+005  2.0000000e+001  5.0000000e+001  1.0000000e+003
  7.3600000e+002  1.0030285e+001  1.1126051e+001  6.7607680e+004  1.3393948e+005  2.0000000e+001  5.0000000e+001  1.0000000e+003
  7.5200000e+002  1.0056620e+001  1.1296536e+001  6.7427365e+004  1.3376288e+005  2.0000000e+001  5.0000000e+001  1.0000000e+003
  7.6800000e+002  1.0080256e+001  1.1131781e+001  6.7248283e+004  1.3446160e+005  2.0000000e+001  5.0000000e+001  1.0000000e+003
  7.8400000e+002  1.0102199e+001  1.1447564e+001  6.7069774e+004  1.3390793e+005  2.0000000e+001  5.0000000e+001  1.0000000e+003
  8.0000000e+002  1.0135658e+001  1.1972138e+001  6.6881338e+004  1.3270131e+005  2.0000000e+001  5.0000000e+001  1.0000000e+003
  8.1600000e+002  1.0171042e+001  1.1612928e+001  6.6690259e+004  1.3370988e+005  2.0000000e+001  5.0000000e+001  1.0000000e+003
  8.3200000e+002  1.0193810e+001  1.1204541e+001  6.6508556e+004  1.3489349e+005  2.0000000e+001  5.0000000e+001  1.0000000e+003
  8.4800000e+002  1.0197065e+001  8.3659569e+000  6.6342692e+004  1.4094383e+005  2.0000000e+001  5.0000000e+001  1.0000000e+003
  8.6400000e+002  1.0142977e+001  6.6253288e+000  6.6226325e+004  1.4435814e+005  2.0000000e+001  5.0000000e+001  1.0000000e+003
  8.8000000e+002  1.0095784e+001  9.3768902e+000  6.6105614e+004  1.3955987e+005  2.0000000e+001  5.0000000e+001  1.0000000e+003
  8.9600000e+002  1.0097737e+001  1.0695898e+001  6.5942330e+004  1.3697994e+005  2.0000000e+001  5.0000000e+001  1.0000000e+003
  9.1200000e+002  1.0122995e+001  1.2454915e+001  6.5757705e+004  1.3294860e+005  2.0000000e+001  5.0000000e+001  1.0000000e+003
  9.2800000e+002  1.0169114e+001  1.3005609e+001  6.5552893e+004  1.3150148e+005  2.0000000e+001  5.0000000e+001  1.0000000e+003
  9.4400000e+002  1.0210538e+001  1.2268212e+001  6.5351042e+004  1.3314576e+005  2.0000000e+001  5.0000000e+001  1.0000000e+003
  9.6000000e+002  1.0242783e+001  1.2075553e+001  6.5156686e+004  1.3357188e+005  2.0000000e+001  5.0000000e+001  1.0000000e+003
  9.7600000e+002  1.0199300e+001  4.9889896e+000  6.5035284e+004  1.4412990e+005  2.0000000e+001  5.0000000e+001  1.0000000e+003
  9.9200000e+002  1.0102277e+001  4.7480125e+000  6.4968439e+004  1.4400781e+005  2.0000000e+001  5.0000000e+001  1.0000000e+003
  1.0080000e+003  1.0052807e+001  8.2930340e+000  6.4856718e+004  1.3871847e+005  2.0000000e+001  5.0000000e+001  1.0000000e+003
  1.0240000e+003  1.0032190e+001  8.9544147e+000  6.4717005e+004  1.3702571e+005  2.0000000e+001  5.0000000e+001  1.0000000e+003
  1.0400000e+003  1.0016305e+001  9.0248808e+000  6.4573027e+004  1.3629596e+005  2.0000000e+001  5.0000000e+001  1.0000000e+003
  1.0560000e+003  1.0004055e+001  9.8772420e+000  6.4425714e+004  1.3421303e+005  2.0000000e+001  5.0000000e+001  1.0000000e+003
  1.0720000e+003  1.0009445e+001  1.0654610e+001  6.4259866e+004  1.3205799e+005  2.0000000e+001  5.0000000e+001  1.0000000e+003
  1.0880000e+003  1.0014872e+001  9.4996162e+000  6.4093804e+004  1.3323023e+005  2.0000000e+001  5.0000000e+001  1.0000000e+003
  1.1040000e+003  1.0000241e+001  8.7109892e+000  6.3949734e+004  1.3389806e+005  2.0000000e+001  5.0000000e+001  1.0000000e+003
  1.1200000e+003  9.9852361e+000  9.4719362e+000  6.3806550e+004  1.3221521e+005  2.0000000e+001  5.0000000e+001  1.0000000e+003
  1.1360000e+003  9.9813726e+000  9.8521119e+000  6.3651179e+004  1.3101711e+005  2.0000000e+001  5.0000000e+001  1.0000000e+003
  1.1520000e+003  1.0000365e+001  1.3130103e+001  6.3469580e+004  1.2440291e+005  2.0000000e+001  5.0000000e+001  1.0000000e+003
  1.1680000e+003  1.0052492e+001  1.4211023e+001  6.3248637e+004  1.2109313e+005  2.0000000e+001  5.0000000e+001  1.0000000e+003
  1.1840000e+003  1.0098611e+001  1.2803671e+001  6.3033145e+004  1.2245809e+005  2.0000000e+001  5.0000000e+001  1.0000000e+003
  1.2000000e+003  1.0131560e+001  1.2435049e+001  6.2831996e+004  1.2199882e+005  2.0000000e+001  5.0000000e+001  1.0000000e+003
  1.2160000e+003  1.0150303e+001  1.1049490e+001  6.2647081e+004  1.2328360e+005  2.0000000e+001  5.0000000e+001  1.0000000e+003
  1.2320000e+003  1.0159262e+001  1.0123248e+001  6.2473630e+004  1.2383961e+005  2.0000000e+001  5.0000000e+001  1.0000000e+003
  1.2480000e+003  1.0140890e+001  7.9038041e+000  6.2334029e+004  1.2606092e+005  2.0000000e+001  5.0000000e+001  1.0000000e+003
  1.2640000e+003  1.0110435e+001  8.2866886e+000  6.2210300e+004  1.2531591e+005  2.0000000e+001  5.0000000e+001  1.0000000e+003
  1.2800000e+003  1.0096849e+001  9.4576992e+000  6.2065937e+004  1.2351682e+005  2.0000000e+001  5.0000000e+001  1.0000000e+003
  1.2960000e+003  1.0091519e+001  9.9790600e+000  6.1911299e+004  1.2237977e+005  2.0000000e+001  5.0000000e+001  1.0000000e+003
  1.3120000e+003  1.0092533e+001  1.0290482e+001  6.1748505e+004  1.2143977e+005  2.0000000e+001  5.0000000e+001  1.0000000e+003
  1.3280000e+003  1.0091561e+001  9.2382434e+000  6.1588316e+004  1.2214935e+005  2.0000000e+001  5.0000000e+001  1.0000000e+003
  1.3440000e+003  1.0076296e+001  8.5536906e+000  6.1447382e+004  1.2251340e+005  2.0000000e+001  5.0000000e+001  1.0000000e+003
  1.3600000e+003  1.0059095e+001  8.8137003e+000  6.1309571e+004  1.2188989e+005  2.0000000e+001  5.0000000e+001  1.0000000e+003
  1.3760000e+003  1.0045723e+001  8.9642480e+000  6.1167039e+004  1.2135746e+005  2.0000000e+001  5.0000000e+001  1.0000000e+003
  1.3920000e+003  1.0041304e+001  1.0491175e+001  6.1012463e+004  1.1917842e+005  2.0000000e+001  5.0000000e+001  1.0000000e+003
  1.4080000e+003  1.0050009e+001  1.0995513e+001  6.0839537e+004  1.1799486e+005  2.0000000e+001  5.0000000e+001  1.0000000e+003
  1.4240000e+003  1.0076212e+001  1.3541607e+001  6.0641398e+004  1.1383360e+005  2.0000000e+001  5.0000000e+001  1.0000000e+003
  1.4400000e+003  1.0119151e+001  1.4181382e+001  6.0418304e+004  1.1188190e+005  2.0000000e+001  5.0000000e+001  1.0000000e+003
  1.4560000e+003  1.0101617e+001  5.2499408e+000  6.0281944e+004  1.1886202e+005  2.0000000e+001  5.0000000e+001  1.0000000e+003
  1.4720000e+003  1.0037413e+001  4.2348854e+000  6.0214890e+004  1.1924702e+005  2.0000000e+001  5.0000000e+001  1.0000000e+003
  1.4880000e+003  9.9892491e+000  6.3288388e+000  6.0126008e+004  1.1790529e+005  2.0000000e+001  5.0000000e+001  1.0000000e+003
  1.5040000e+003  9.9560575e+000  8.8817360e+000  6.0016133e+004  1.1543042e+005  2.0000000e+001  5.0000000e+001  1.0000000e+003
  1.5200000e+003  9.9112767e+000  2.3167877e+000  5.9924948e+004  1.1781204e+005  2.0000000e+001  5.0000000e+001  1.0000000e+003
  1.5360000e+003  9.8198208e+000  4.2006661e-001  5.9906935e+004  1.1788421e+005  2.0000000e+001  5.0000000e+001  1.0000000e+003
  1.5520000e+003  9.7205001e+000  3.6987320e-002  5.9904063e+004  1.1775959e+005  2.0000000e+001  5.0000000e+001  1.0000000e+003
  1.5680000e+003  9.6212758e+000 -3.7503619e-002  5.9904218e+004  1.1763559e+005  2.0000000e+001  5.0000000e+001  1.0000000e+003
  1.5840000e+003  9.5236750e+000 -5.3120159e-002  5.9904975e+004  1.1751354e+005  2.0000000e+001  5.0000000e+001  1.0000000e+003
  1.6000000e+003  9.4279470e+000 -5.6273100e-002  5.9905857e+004  1.1739200e+005  2.0000000e+001  5.0000000e+001  1.0000000e+003
  1.6160000e+003  9.3340980e+000 -5.6909669e-002  5.9906764e+004  1.1727073e+005  2.0000000e+001  5.0000000e+001  1.0000000e+003
  1.6320000e+003  9.2420849e+000 -5.7038191e-002  5.9907675e+004  1.1714969e+005  2.0000000e+001  5.0000000e+001  1.0000000e+003
  1.6480000e+003  9.1518567e+000 -5.7064139e-002  5.9908588e+004  1.1702886e+005  2.0000000e+001  5.0000000e+001  1.0000000e+003
  1.6640000e+003  9.0633626e+000 -5.7069378e-002  5.9909501e+004  1.1690824e+005  2.0000000e+001  5.0000000e+001  1.0000000e+003
  1.6800000e+003  8.9765530e+000 -5.7070435e-002  5.9910414e+004  1.1678783e+005  2.0000000e+001  5.0000000e+001  1.0000000e+003
  1.6960000e+003  8.8913803e+000 -5.7070649e-002  5.9911328e+004  1.1656119e+005  2.0000000e+001  5.0000000e+001  1.0000000e+003
  1.7120000e+003  8.8077988e+000 -5.7070692e-002  5.9912241e+004  1.1476434e+005  2.0000000e+001  5.0000000e+001  1.0000000e+003
  1.7280000e+003  8.7257641e+000 -5.7070701e-002  5.9913154e+004  1.1301573e+005  2.0000000e+001  5.0000000e+001  1.0000000e+003
  1.7440000e+003  8.6452338e+000 -5.7070702e-002  5.9914067e+004  1.1131343e+005  2.0000000e+001  5.0000000e+001  1.0000000e+003
  1.7600000e+003  8.5661676e+000 -5.6984149e-002  5.9914979e+004  1.0965670e+005  2.0000000e+001  5.0000000e+001  1.0000000e+003
  1.7760000e+003  8.4885252e+000 -5.6984149e-002  5.9915891e+004  1.0804279e+005  2.0000000e+001  5.0000000e+001  1.0000000e+003
  1.7920000e+003  8.4122686e+000 -5.6984149e-002  5.9916802e+004  1.0646997e+005  2.0000000e+001  5.0000000e+001  1.0000000e+003
  1.8080000e+003  8.3402381e+000  3.8440184e+000  5.9912509e+004  1.0388958e+005  2.0000000e+001  5.0000000e+001  1.0000000e+003
  1.8240000e+003  8.3540608e+000  1.3459870e+001  5.9753839e+004  9.5287485e+004  2.0000000e+001  5.0000000e+001  1.0000000e+003
  1.8400000e+003  8.3985769e+000  1.2143914e+001  5.9538220e+004  9.3929417e+004  2.0000000e+001  5.0000000e+001  1.0000000e+003
  1.8560000e+003  8.4250999e+000  1.1081703e+001  5.9354590e+004  9.2756503e+004  2.0000000e+001  5.0000000e+001  1.0000000e+003
  1.8720000e+003  8.4408248e+000  9.3629410e+000  5.9190335e+004  9.2092340e+004  2.0000000e+001  5.0000000e+001  1.0000000e+003
  1.8880000e+003  8.4457911e+000  8.8530035e+000  5.9045901e+004  9.0924328e+004  2.0000000e+001  5.0000000e+001  1.0000000e+003
  1.9040000e+003  8.4532039e+000  9.7299313e+000  5.8896647e+004  9.0026481e+004  2.0000000e+001  5.0000000e+001  1.0000000e+003
  1.9200000e+003  8.4649833e+000  9.9489608e+000  5.8738767e+004  8.9596547e+004  2.0000000e+001  5.0000000e+001  1.0000000e+003
  1.9360000e+003  8.4743244e+000  9.3923409e+000  5.8585234e+004  8.9589284e+004  2.0000000e+001  5.0000000e+001  1.0000000e+003
  1.9520000e+003  8.4814503e+000  9.6337148e+000  5.8435728e+004  8.9140240e+004  2.0000000e+001  5.0000000e+001  1.0000000e+003
  1.9680000e+003  8.4966358e+000  1.0770774e+001  5.8270124e+004  8.8212649e+004  2.0000000e+001  5.0000000e+001  1.0000000e+003
  1.9840000e+003  8.5173681e+000  1.2180454e+001  5.8093024e+004  8.7062195e+004  2.0000000e+001  5.0000000e+001  1.0000000e+003
  2.0000000e+003  8.5559342e+000  1.4026229e+001  5.7879576e+004  8.5511119e+004  2.0000000e+001  5.0000000e+001  1.0000000e+003
  2.0160000e+003  8.5956759e+000  1.1040896e+001  5.7662522e+004  8.6867878e+004  2.0000000e+001  5.0000000e+001  1.0000000e+003
  2.0320000e+003  8.5999428e+000  8.0105641e+000  5.7516316e+004  8.8038251e+004  2.0000000e+001  5.0000000e+001  1.0000000e+003
  2.0480000e+003  8.6002280e+000  1.0938836e+001  5.7378133e+004  8.6223918e+004  2.0000000e+001  5.0000000e+001  1.0000000e+003
  2.0640000e+003  8.6285074e+000  1.3026586e+001  5.7182132e+004  8.4713603e+004  2.0000000e+001  5.0000000e+001  1.0000000e+003
  2.0800000e+003  8.6706511e+000  1.5676241e+001  5.6956375e+004  8.2583295e+004  2.0000000e+001  5.0000000e+001  1.0000000e+003
  2.0960000e+003  8.7292925e+000  1.6759183e+001  5.6694674e+004  8.1358605e+004  2.0000000e+001  5.0000000e+001  1.0000000e+003
  2.1120000e+003  8.7805490e+000  1.3890083e+001  5.6446700e+004  8.2913544e+004  2.0000000e+001  5.0000000e+001  1.0000000e+003
  2.1280000e+003  8.8143022e+000  1.2905538e+001  5.6234351e+004  8.3262430e+004  2.0000000e+001  5.0000000e+001  1.0000000e+003
  2.1440000e+003  8.8514449e+000  1.4576609e+001  5.6013651e+004  8.1943259e+004  2.0000000e+001  5.0000000e+001  1.0000000e+003
  2.1600000e+003  8.8958501e+000  1.5010239e+001  5.5776068e+004  8.1350175e+004  2.0000000e+001  5.0000000e+001  1.0000000e+003
  2.1760000e+003  8.9286082e+000  1.2396756e+001  5.5562420e+004  8.2639274e+004  2.0000000e+001  5.0000000e+001  1.0000000e+003
  2.1920000e+003  8.9522359e+000  1.3480974e+001  5.5367747e+004  8.1912927e+004  2.0000000e+001  5.0000000e+001  1.0000000e+003
  2.2080000e+003  9.0086493e+000  1.8653479e+001  5.5099894e+004  7.7931729e+004  2.0000000e+001  5.0000000e+001  1.0000000e+003
  2.2240000e+003  9.0814310e+000  1.8365688e+001  5.4793816e+004  7.7428887e+004  2.0000000e+001  5.0000000e+001  1.0000000e+003
  2.2400000e+003  9.1396145e+000  1.6559827e+001  5.4518124e+004  7.8214726e+004  2.0000000e+001  5.0000000e+001  1.0000000e+003
  2.2560000e+003  9.1823381e+000  1.0543934e+001  5.4275463e+004  8.0242052e+004  2.0000000e+001  5.0000000e+001  1.0000000e+003
  2.2720000e+003  9.1684669e+000  5.2376459e+000  5.4160075e+004  8.1568394e+004  2.0000000e+001  5.0000000e+001  1.0000000e+003
  2.2880000e+003  9.1455162e+000  8.7938601e+000  5.4065913e+004  8.0074702e+004  2.0000000e+001  5.0000000e+001  1.0000000e+003
  2.3040000e+003  9.1547332e+000  1.1467916e+001  5.3898340e+004  7.8767605e+004  2.0000000e+001  5.0000000e+001  1.0000000e+003
  2.3200000e+003  9.1596907e+000  6.7444857e+000  5.3740358e+004  8.0030461e+004  2.0000000e+001  5.0000000e+001  1.0000000e+003
  2.3360000e+003  9.1334734e+000  4.4923361e+000  5.3655073e+004  8.0117799e+004  2.0000000e+001  5.0000000e+001  1.0000000e+003
  2.3520000e+003  9.1274393e+000  1.2964070e+001  5.3523135e+004  7.6774714e+004  2.0000000e+001  5.0000000e+001  1.0000000e+003
  2.3680000e+003  9.1655493e+000  1.5839697e+001  5.3286814e+004  7.4983153e+004  2.0000000e+001  5.0000000e+001  1.0000000e+003
  2.3840000e+003  9.2049880e+000  1.4279213e+001  5.3046104e+004  7.5547120e+004  2.0000000e+001  5.0000000e+001  1.0000000e+003
  2.4000000e+003  9.2370213e+000  1.3853680e+001  5.2821912e+004  7.5531982e+004  2.0000000e+001  5.0000000e+001  1.0000000e+003
  2.4160000e+003  9.2708978e+000  1.4642797e+001  5.2592240e+004  7.4892152e+004  2.0000000e+001  5.0000000e+001  1.0000000e+003
  2.4320000e+003  9.3069393e+000  1.5000651e+001  5.2356217e+004  7.4452899e+004  2.0000000e+001  5.0000000e+001  1.0000000e+003
  2.4480000e+003  9.3470356e+000  1.5704698e+001  5.2109110e+004  7.3797123e+004  2.0000000e+001  5.0000000e+001  1.0000000e+003
  2.4640000e+003  9.3900215e+000  1.7189866e+001  5.1853597e+004  7.2685678e+004  2.0000000e+001  5.0000000e+001  1.0000000e+003
  2.4800000e+003  9.4487311e+000  1.9264284e+001  5.1557698e+004  7.0963422e+004  2.0000000e+001  5.0000000e+001  1.0000000e+003
  2.4960000e+003  9.5076482e+000  1.5409192e+001  5.1259402e+004  7.2048796e+004  2.0000000e+001  5.0000000e+001  1.0000000e+003
  2.5120000e+003  9.5297553e+000  1.1540668e+001  5.1051725e+004  7.3512449e+004  2.0000000e+001  5.0000000e+001  1.0000000e+003
  2.5280000e+003  9.5401975e+000  1.1215844e+001  5.0872841e+004  7.3449989e+004  2.0000000e+001  5.0000000e+001  1.0000000e+003
  2.5440000e+003  9.5512358e+000  1.1343443e+001  5.0692105e+004  7.3220677e+004  2.0000000e+001  5.0000000e+001  1.0000000e+003
  2.5600000e+003  9.5674664e+000  1.3518374e+001  5.0497718e+004  7.2155029e+004  2.0000000e+001  5.0000000e+001  1.0000000e+003
  2.5760000e+003  9.5957702e+000  1.4486149e+001  5.0271700e+004  7.1506875e+004  2.0000000e+001  5.0000000e+001  1.0000000e+003
  2.5920000e+003  9.6298678e+000  1.5801114e+001  5.0029753e+004  7.0591010e+004  2.0000000e+001  5.0000000e+001  1.0000000e+003
  2.6080000e+003  9.6692632e+000  1.6208512e+001  4.9772892e+004  6.9661334e+004  2.0000000e+001  5.0000000e+001  1.0000000e+003
  2.6240000e+003  9.6860752e+000  9.2139537e+000  4.9574053e+004  7.1439055e+004  2.0000000e+001  5.0000000e+001  1.0000000e+003
  2.6400000e+003  9.6764455e+000  7.4344706e+000  4.9444507e+004  7.1431422e+004  2.0000000e+001  5.0000000e+001  1.0000000e+003
  2.6560000e+003  9.6693147e+000  9.0996646e+000  4.9308631e+004  7.0553393e+004  2.0000000e+001  5.0000000e+001  1.0000000e+003
  2.6720000e+003  9.6673020e+000  9.9361933e+000  4.9159302e+004  6.9860841e+004  2.0000000e+001  5.0000000e+001  1.0000000e+003
  2.6880000e+003  9.6754956e+000  1.1695049e+001  4.8982592e+004  6.8827330e+004  2.0000000e+001  5.0000000e+001  1.0000000e+003
  2.7040000e+003  9.6855280e+000  7.8753609e+000  4.8800647e+004  6.9161047e+004  2.0000000e+001  5.0000000e+001  1.0000000e+003
  2.7200000e+003  9.6515876e+000  1.5719188e+000  4.8738030e+004  6.9492692e+004  2.0000000e+001  5.0000000e+001  1.0000000e+003
  2.7360000e+003  9.6107947e+000  9.5537008e+000  4.8695255e+004  6.7422931e+004  2.0000000e+001  5.0000000e+001  1.0000000e+003
  2.7520000e+003  9.6406971e+000  1.7832666e+001  4.8459161e+004  6.3692445e+004  2.0000000e+001  5.0000000e+001  1.0000000e+003
  2.7680000e+003  9.6849300e+000  1.3947325e+001  4.8182429e+004  6.4160681e+004  2.0000000e+001  5.0000000e+001  1.0000000e+003
  2.7840000e+003  9.6980982e+000  1.0809459e+001  4.7990797e+004  6.4709774e+004  2.0000000e+001  5.0000000e+001  1.0000000e+003
  2.8000000e+003  9.7154919e+000  1.6523445e+001  4.7786907e+004  6.2310270e+004  2.0000000e+001  5.0000000e+001  1.0000000e+003
  2.8160000e+003  9.7638371e+000  1.9236382e+001  4.7495271e+004  6.0381048e+004  2.0000000e+001  5.0000000e+001  1.0000000e+003
  2.8320000e+003  9.8047470e+000  1.4101636e+001  4.7223152e+004  6.1496977e+004  2.0000000e+001  5.0000000e+001  1.0000000e+003
  2.8480000e+003  9.8225898e+000  1.2318368e+001  4.7015442e+004  6.1617340e+004  2.0000000e+001  5.0000000e+001  1.0000000e+003
  2.8640000e+003  9.8537700e+000  1.8073564e+001  4.6768949e+004  5.9079623e+004  2.0000000e+001  5.0000000e+001  1.0000000e+003
  2.8800000e+003  9.9045661e+000  1.9549130e+001  4.6464945e+004  5.7697834e+004  2.0000000e+001  5.0000000e+001  1.0000000e+003
  2.8960000e+003  9.9588655e+000  1.9846958e+001  4.6149167e+004  5.6762822e+004  2.0000000e+001  5.0000000e+001  1.0000000e+003
  2.9120000e+003  1.0013178e+001  1.9255629e+001  4.5831613e+004  5.6184559e+004  2.0000000e+001  5.0000000e+001  1.0000000e+003
  2.9280000e+003  1.0056296e+001  1.7113992e+001  4.5545110e+004  5.6352791e+004  2.0000000e+001  5.0000000e+001  1.0000000e+003
  2.9440000e+003  1.0093996e+001  1.7835997e+001  4.5273182e+004  5.5530643e+004  2.0000000e+001  5.0000000e+001  1.0000000e+003
  2.9600000e+003  1.0141357e+001  1.8286605e+001  4.4971443e+004  5.4311097e+004  2.0000000e+001  5.0000000e+001  1.0000000e+003
  2.9760000e+003  1.0134031e+001  3.5241111e+000  4.4830991e+004  5.5999872e+004  2.0000000e+001  5.0000000e+001  1.0000000e+003
  2.9920000e+003  1.0089199e+001  6.9516898e-001  4.4803026e+004  5.5755782e+004  2.0000000e+001  5.0000000e+001  1.0000000e+003
  3.0080000e+003  1.0037340e+001  1.2370463e-001  4.4797645e+004  5.5382369e+004  2.0000000e+001  5.0000000e+001  1.0000000e+003
  3.0240000e+003  9.9845206e+000  8.3151452e-003  4.4796825e+004  5.5002990e+004  2.0000000e+001  5.0000000e+001  1.0000000e+003
  3.0400000e+003  9.9319655e+000 -1.1951802e-002  4.4796893e+004  5.4625901e+004  2.0000000e+001  5.0000000e+001  1.0000000e+003
  3.0560000e+003  9.8799047e+000 -1.6655488e-002  4.4797131e+004  5.4251963e+004  2.0000000e+001  5.0000000e+001  1.0000000e+003
  3.0720000e+003  9.8283738e+000 -1.7605144e-002  4.4797407e+004  5.3881261e+004  2.0000000e+001  5.0000000e+001  1.0000000e+003
  3.0880000e+003  9.7773743e+000 -1.7796877e-002  4.4797691e+004  5.3513789e+004  2.0000000e+001  5.0000000e+001  1.0000000e+003
  3.1040000e+003  9.7268998e+000 -1.7835587e-002  4.4797976e+004  5.3149511e+004  2.0000000e+001  5.0000000e+001  1.0000000e+003
  3.1200000e+003  9.6769428e+000 -1.7843402e-002  4.4798262e+004  5.2788387e+004  2.0000000e+001  5.0000000e+001  1.0000000e+003
  3.1360000e+003  9.6274954e+000 -1.7844980e-002  4.4798547e+004  5.2430377e+004  2.0000000e+001  5.0000000e+001  1.0000000e+003
  3.1520000e+003  9.5785498e+000 -1.7845299e-002  4.4798833e+004  5.2075441e+004  2.0000000e+001  5.0000000e+001  1.0000000e+003
  3.1680000e+003  9.5300984e+000 -1.7845363e-002  4.4799118e+004  5.1723539e+004  2.0000000e+001  5.0000000e+001  1.0000000e+003
  3.1840000e+003  9.4821339e+000 -1.7845376e-002  4.4799404e+004  5.1374633e+004  2.0000000e+001  5.0000000e+001  1.0000000e+003
  3.2000000e+003  9.4346489e+000 -1.7758829e-002  4.4799689e+004  5.1028686e+004  2.0000000e+001  5.0000000e+001  1.0000000e+003
  3.2160000e+003  9.3876366e+000 -1.7747630e-002  4.4799973e+004  5.0685683e+004  2.0000000e+001  5.0000000e+001  1.0000000e+003
  3.2320000e+003  9.3410897e+000 -1.7747630e-002  4.4800257e+004  5.0345563e+004  2.0000000e+001  5.0000000e+001  1.0000000e+003
  3.2480000e+003  9.2950013e+000 -1.7747630e-002  4.4800541e+004  5.0008289e+004  2.0000000e+001  5.0000000e+001  1.0000000e+003
  3.2640000e+003  9.2544444e+000  5.3280972e+000  4.4784239e+004  4.9383571e+004  2.0000000e+001  5.0000000e+001  1.0000000e+003
  3.2800000e+003  9.2560884e+000  1.3155987e+001  4.4630774e+004  4.7908250e+004  2.0000000e+001  5.0000000e+001  1.0000000e+003
  3.2960000e+003  9.2817035e+000  1.5350792e+001  4.4398224e+004  4.7078194e+004  2.0000000e+001  5.0000000e+001  1.0000000e+003
  3.3120000e+003  9.3185521e+000  1.8625912e+001  4.4127637e+004  4.5808019e+004  2.0000000e+001  5.0000000e+001  1.0000000e+003
  3.3280000e+003  9.3663996e+000  1.9657620e+001  4.3819256e+004  4.4968214e+004  2.0000000e+001  5.0000000e+001  1.0000000e+003
  3.3440000e+003  9.4162507e+000  1.9865874e+001  4.3502641e+004  4.4336123e+004  2.0000000e+001  5.0000000e+001  1.0000000e+003
  3.3600000e+003  9.4661217e+000  1.9907919e+001  4.3184365e+004  4.3751954e+004  2.0000000e+001  5.0000000e+001  1.0000000e+003
  3.3760000e+003  9.5156195e+000  1.9916407e+001  4.2865753e+004  4.3182676e+004  2.0000000e+001  5.0000000e+001  1.0000000e+003
  3.3920000e+003  9.5646301e+000  1.9769803e+001  4.2547210e+004  4.2694251e+004  2.0000000e+001  5.0000000e+001  1.0000000e+003
  3.4080000e+003  9.6110794e+000  1.9280040e+001  4.2235830e+004  4.2552001e+004  2.0000000e+001  5.0000000e+001  1.0000000e+003
  3.4240000e+003  9.6561210e+000  1.9443862e+001  4.1927786e+004  4.2248627e+004  2.0000000e+001  5.0000000e+001  1.0000000e+003
  3.4400000e+003  9.7027397e+000  1.9822864e+001  4.1612873e+004  4.1861618e+004  2.0000000e+001  5.0000000e+001  1.0000000e+003
  3.4560000e+003  9.7453133e+000  1.5208662e+001  4.1310452e+004  4.2417097e+004  2.0000000e+001  5.0000000e+001  1.0000000e+003
  3.4720000e+003  9.7579718e+000  1.0884111e+001  4.1110564e+004  4.3161830e+004  2.0000000e+001  5.0000000e+001  1.0000000e+003
  3.4880000e+003  9.7640455e+000  1.2627983e+001  4.0933245e+004  4.2889098e+004  2.0000000e+001  5.0000000e+001  1.0000000e+003
  3.5040000e+003  9.7813015e+000  1.4086831e+001  4.0716538e+004  4.2591863e+004  2.0000000e+001  5.0000000e+001  1.0000000e+003
  3.5200000e+003  9.8075500e+000  1.7881093e+001  4.0467616e+004  4.1687831e+004  2.0000000e+001  5.0000000e+001  1.0000000e+003
  3.5360000e+003  9.8486915e+000  1.9507315e+001  4.0165178e+004  4.1040014e+004  2.0000000e+001  5.0000000e+001  1.0000000e+003
  3.5520000e+003  9.8931147e+000  1.9835531e+001  3.9849763e+004  4.0661316e+004  2.0000000e+001  5.0000000e+001  1.0000000e+003
  3.5680000e+003  9.9378736e+000  1.9901792e+001  3.9531729e+004  4.0338942e+004  2.0000000e+001  5.0000000e+001  1.0000000e+003
  3.5840000e+003  9.9823805e+000  1.9915170e+001  3.9213166e+004  4.0027792e+004  2.0000000e+001  5.0000000e+001  1.0000000e+003
  3.6000000e+003  1.0026521e+001  1.9917871e+001  3.8894496e+004  3.9718748e+004  2.0000000e+001  5.0000000e+001  1.0000000e+003
  3.6160000e+003  1.0044161e+001  1.0601228e+001  3.8670268e+004  4.1065163e+004  2.0000000e+001  5.0000000e+001  1.0000000e+003
  3.6320000e+003  1.0042120e+001  1.1011497e+001  3.8516977e+004  4.1044239e+004  2.0000000e+001  5.0000000e+001  1.0000000e+003
  3.6480000e+003  1.0066101e+001  1.8138693e+001  3.8268796e+004  3.9580847e+004  2.0000000e+001  5.0000000e+001  1.0000000e+003
  3.6640000e+003  1.0105238e+001  1.9559292e+001  3.7964303e+004  3.8989692e+004  2.0000000e+001  5.0000000e+001  1.0000000e+003
  3.6800000e+003  1.0147114e+001  1.9846024e+001  3.7648473e+004  3.8621454e+004  2.0000000e+001  5.0000000e+001  1.0000000e+003
  3.6960000e+003  1.0187128e+001  1.7535979e+001  3.7338187e+004  3.8820515e+004  2.0000000e+001  5.0000000e+001  1.0000000e+003
  3.7120000e+003  1.0212903e+001  1.5358350e+001  3.7079493e+004  3.9124004e+004  2.0000000e+001  5.0000000e+001  1.0000000e+003
  3.7280000e+003  1.0237306e+001  1.7786034e+001  3.6825084e+004  3.8516414e+004  2.0000000e+001  5.0000000e+001  1.0000000e+003
  3.7440000e+003  1.0274124e+001  1.9488155e+001  3.6523404e+004  3.7880218e+004  2.0000000e+001  5.0000000e+001  1.0000000e+003
  3.7600000e+003  1.0314240e+001  1.9831663e+001  3.6208142e+004  3.7499848e+004  2.0000000e+001  5.0000000e+001  1.0000000e+003
  3.7760000e+003  1.0354742e+001  1.9901012e+001  3.5890139e+004  3.7173301e+004  2.0000000e+001  5.0000000e+001  1.0000000e+003
  3.7920000e+003  1.0387614e+001  1.6022762e+001  3.5599780e+004  3.7710673e+004  2.0000000e+001  5.0000000e+001  1.0000000e+003
  3.8080000e+003  1.0407871e+001  1.4728652e+001  3.5356418e+004  3.7841168e+004  2.0000000e+001  5.0000000e+001  1.0000000e+003
  3.8240000e+003  1.0409954e+001  7.7117631e+000  3.5181925e+004  3.8647966e+004  2.0000000e+001  5.0000000e+001  1.0000000e+003
  3.8400000e+003  1.0394092e+001  5.9442943e+000  3.5076294e+004  3.8810102e+004  2.0000000e+001  5.0000000e+001  1.0000000e+003
  3.8560000e+003  1.0363061e+001  1.1592859e+000  3.5029675e+004  3.9007550e+004  2.0000000e+001  5.0000000e+001  1.0000000e+003
  3.8720000e+003  1.0323149e+001  2.5446866e+000  3.5018442e+004  3.8940546e+004  2.0000000e+001  5.0000000e+001  1.0000000e+003
  3.8880000e+003  1.0310959e+001  1.0169297e+001  3.4900682e+004  3.8324978e+004  2.0000000e+001  5.0000000e+001  1.0000000e+003
  3.9040000e+003  1.0314408e+001  1.1913668e+001  3.4722238e+004  3.8077828e+004  2.0000000e+001  5.0000000e+001  1.0000000e+003
  3.9200000e+003  1.0322600e+001  1.2563707e+001  3.4525085e+004  3.7947954e+004  2.0000000e+001  5.0000000e+001  1.0000000e+003
  3.9360000e+003  1.0330549e+001  1.0917275e+001  3.4328627e+004  3.8135350e+004  2.0000000e+001  5.0000000e+001  1.0000000e+003
  3.9520000e+003  1.0328813e+001  9.3001904e+000  3.4170200e+004  3.8328061e+004  2.0000000e+001  5.0000000e+001  1.0000000e+003
  3.9680000e+003  1.0330955e+001  1.5162421e+001  3.3996440e+004  3.7449370e+004  2.0000000e+001  5.0000000e+001  1.0000000e+003
  3.9840000e+003  1.0359928e+001  1.8958981e+001  3.3715688e+004  3.6482120e+004  2.0000000e+001  5.0000000e+001  1.0000000e+003
  4.0000000e+003  1.0396239e+001  1.9724845e+001  3.3404649e+004  3.6016075e+004  2.0000000e+001  5.0000000e+001  1.0000000e+003
  4.0160000e+003  1.0433782e+001  1.9879446e+001  3.3087498e+004  3.5783614e+004  1.9993333e+001  5.0000000e+001  1.0000000e+003
  4.0320000e+003  1.0471333e+001  1.9910659e+001  3.2769113e+004  3.5612831e+004  1.9984444e+001  5.0000000e+001  1.0000000e+003
  4.0480000e+003  1.0508649e+001  1.9916960e+001  3.2450480e+004  3.5445028e+004  1.9975556e+001  5.0000000e+001  1.0000000e+003
  4.0640000e+003  1.0545684e+001  1.9918233e+001  3.2131795e+004  3.5276490e+004  1.9966667e+001  5.0000000e+001  1.0000000e+003
  4.0800000e+003  1.0582430e+001  1.9918489e+001  3.1813101e+004  3.5106491e+004  1.9957778e+001  5.0000000e+001  1.0000000e+003
  4.0960000e+003  1.0579360e+001  3.9238799e+000  3.1656363e+004  3.6386421e+004  1.9948889e+001  5.0000000e+001  1.0000000e+003
  4.1120000e+003  1.0546620e+001  4.5274092e+000  3.1621750e+004  3.6456567e+004  1.9940000e+001  5.0000000e+001  1.0000000e+003
  4.1280000e+003  1.0553617e+001  1.6865466e+001  3.1424114e+004  3.4960978e+004  1.9931111e+001  5.0000000e+001  1.0000000e+003
  4.1440000e+003  1.0583580e+001  1.8692397e+001  3.1131059e+004  3.4510297e+004  1.9922222e+001  5.0000000e+001  1.0000000e+003
  4.1600000e+003  1.0613703e+001  1.8255311e+001  3.0836380e+004  3.4504892e+004  1.9913333e+001  5.0000000e+001  1.0000000e+003
  4.1760000e+003  1.0640133e+001  1.4845640e+001  3.0556164e+004  3.4975028e+004  1.9904444e+001  5.0000000e+001  1.0000000e+003
  4.1920000e+003  1.0648776e+001  1.1755515e+001  3.0349683e+004  3.5523647e+004  1.9895556e+001  5.0000000e+001  1.0000000e+003
  4.2080000e+003  1.0646085e+001  6.1441335e+000  3.0190627e+004  3.6159923e+004  1.9886667e+001  5.0000000e+001  1.0000000e+003
  4.2240000e+003  1.0621313e+001  2.8960807e+000  3.0124953e+004  3.6489957e+004  1.9877778e+001  5.0000000e+001  1.0000000e+003
  4.2400000e+003  1.0605281e+001  1.2843098e+001  3.0023004e+004  3.5647693e+004  1.9868889e+001  5.0000000e+001  1.0000000e+003
  4.2560000e+003  1.0624571e+001  1.7451602e+001  2.9771201e+004  3.4860360e+004  1.9860000e+001  5.0000000e+001  1.0000000e+003
  4.2720000e+003  1.0653879e+001  1.9300233e+001  2.9475975e+004  3.4377782e+004  1.9851111e+001  5.0000000e+001  1.0000000e+003
  4.2880000e+003  1.0687290e+001  1.9793728e+001  2.9162213e+004  3.4105023e+004  1.9842222e+001  5.0000000e+001  1.0000000e+003
  4.3040000e+003  1.0721368e+001  1.9893353e+001  2.8844513e+004  3.3901305e+004  1.9833333e+001  5.0000000e+001  1.0000000e+003
  4.3200000e+003  1.0755377e+001  1.9913466e+001  2.8526017e+004  3.3710574e+004  1.9824444e+001  5.0000000e+001  1.0000000e+003
  4.3360000e+003  1.0789172e+001  1.9917527e+001  2.8207361e+004  3.3521375e+004  1.9815556e+001  5.0000000e+001  1.0000000e+003
  4.3520000e+003  1.0822586e+001  1.9254280e+001  2.7889285e+004  3.3462205e+004  1.9806667e+001  5.0000000e+001  1.0000000e+003
  4.3680000e+003  1.0848400e+001  1.7059236e+001  2.7603342e+004  3.3805631e+004  1.9797778e+001  5.0000000e+001  1.0000000e+003
  4.3840000e+003  1.0870615e+001  1.7792749e+001  2.7332351e+004  3.3619977e+004  1.9788889e+001  5.0000000e+001  1.0000000e+003
  4.4000000e+003  1.0899660e+001  1.9490124e+001  2.7030597e+004  3.3138992e+004  1.9780000e+001  5.0000000e+001  1.0000000e+003
  4.4160000e+003  1.0926794e+001  1.3454120e+001  2.6736351e+004  3.3590891e+004  1.9771111e+001  5.0000000e+001  1.0000000e+003
  4.4320000e+003  1.0922688e+001  7.6179087e+000  2.6579724e+004  3.4372701e+004  1.9762222e+001  5.0000000e+001  1.0000000e+003
  4.4480000e+003  1.0916060e+001  1.4171928e+001  2.6434447e+004  3.3672822e+004  1.9753333e+001  5.0000000e+001  1.0000000e+003
  4.4640000e+003  1.0938053e+001  1.8759311e+001  2.6161594e+004  3.2784125e+004  1.9744444e+001  5.0000000e+001  1.0000000e+003
  4.4800000e+003  1.0968054e+001  1.9684544e+001  2.5852148e+004  3.2426960e+004  1.9735556e+001  5.0000000e+001  1.0000000e+003
  4.4960000e+003  1.0999484e+001  1.9871310e+001  2.5535319e+004  3.2194208e+004  1.9726667e+001  5.0000000e+001  1.0000000e+003
  4.5120000e+003  1.1027159e+001  1.7503272e+001  2.5234429e+004  3.2506613e+004  1.9717778e+001  5.0000000e+001  1.0000000e+003
  4.5280000e+003  1.1047772e+001  1.3859615e+001  2.4964642e+004  3.2722533e+004  1.9708889e+001  5.0000000e+001  1.0000000e+003
  4.5440000e+003  1.1032880e+001  2.7461038e+000  2.4855560e+004  3.3636361e+004  1.9700000e+001  5.0000000e+001  1.0000000e+003
  4.5600000e+003  1.0998954e+001  5.4137971e-001  2.4833772e+004  3.3823406e+004  1.9691111e+001  5.0000000e+001  1.0000000e+003
  4.5760000e+003  1.0961419e+001  9.6052518e-002  2.4829585e+004  3.3969714e+004  1.9682222e+001  5.0000000e+001  1.0000000e+003
  4.5920000e+003  1.0923372e+001  6.1342000e-003  2.4828951e+004  3.4113837e+004  1.9673333e+001  5.0000000e+001  1.0000000e+003
  4.6080000e+003  1.0885441e+001 -8.7944603e-003  2.4829002e+004  3.4258180e+004  1.9664444e+001  5.0000000e+001  1.0000000e+003
  4.6240000e+003  1.0847745e+001 -1.2459895e-002  2.4829179e+004  3.4402981e+004  1.9655556e+001  5.0000000e+001  1.0000000e+003
  4.6400000e+003  1.0810303e+001 -1.3199919e-002  2.4829386e+004  3.4548266e+004  1.9646667e+001  5.0000000e+001  1.0000000e+003
  4.6560000e+003  1.0773116e+001 -1.3349328e-002  2.4829599e+004  3.4694049e+004  1.9637778e+001  5.0000000e+001  1.0000000e+003
  4.6720000e+003  1.0736184e+001 -1.3379493e-002  2.4829813e+004  3.4840333e+004  1.9628889e+001  5.0000000e+001  1.0000000e+003
  4.6880000e+003  1.0699504e+001 -1.3385583e-002  2.4830027e+004  3.4987122e+004  1.9620000e+001  5.0000000e+001  1.0000000e+003
  4.7040000e+003  1.0663073e+001 -1.3386813e-002  2.4830241e+004  3.5134419e+004  1.9611111e+001  5.0000000e+001  1.0000000e+003
  4.7200000e+003  1.0626889e+001 -1.3387061e-002  2.4830455e+004  3.5282226e+004  1.9602222e+001  5.0000000e+001  1.0000000e+003
  4.7360000e+003  1.0590950e+001 -1.3387111e-002  2.4830669e+004  3.5430546e+004  1.9593333e+001  5.0000000e+001  1.0000000e+003
  4.7520000e+003  1.0555253e+001 -1.3387122e-002  2.4830883e+004  3.5579382e+004  1.9584444e+001  5.0000000e+001  1.0000000e+003
  4.7680000e+003  1.0519795e+001 -1.3280144e-002  2.4831097e+004  3.5728737e+004  1.9575556e+001  5.0000000e+001  1.0000000e+003
  4.7840000e+003  1.0484575e+001 -1.3275891e-002  2.4831310e+004  3.5878621e+004  1.9566667e+001  5.0000000e+001  1.0000000e+003
  4.8000000e+003  1.0449589e+001 -1.3275891e-002  2.4831522e+004  3.6029029e+004  1.9557778e+001  5.0000000e+001  1.0000000e+003
  4.8160000e+003  1.0414836e+001 -1.3275891e-002  2.4831735e+004  3.6179963e+004  1.9548889e+001  5.0000000e+001  1.0000000e+003
  4.8320000e+003  1.0384702e+001  7.0563693e+000  2.4810735e+004  3.6005373e+004  1.9540000e+001  5.0000000e+001  1.0000000e+003
  4.8480000e+003  1.0395096e+001  1.7339471e+001  2.4594180e+004  3.4677913e+004  1.9531111e+001  5.0000000e+001  1.0000000e+003
  4.8640000e+003  1.0421025e+001  1.6704818e+001  2.4301713e+004  3.4604878e+004  1.9522222e+001  5.0000000e+001  1.0000000e+003
  4.8800000e+003  1.0434023e+001  1.3015490e+001  2.4071531e+004  3.5236493e+004  1.9513333e+001  5.0000000e+001  1.0000000e+003
  4.8960000e+003  1.0442529e+001  1.4636381e+001  2.3862936e+004  3.5087631e+004  1.9504444e+001  5.0000000e+001  1.0000000e+003
  4.9120000e+003  1.0460347e+001  1.6670012e+001  2.3608316e+004  3.4756102e+004  1.9495556e+001  5.0000000e+001  1.0000000e+003
  4.9280000e+003  1.0476095e+001  1.1416089e+001  2.3363328e+004  3.5397403e+004  1.9486667e+001  5.0000000e+001  1.0000000e+003
  4.9440000e+003  1.0472102e+001  7.9534957e+000  2.3215457e+004  3.5906434e+004  1.9477778e+001  5.0000000e+001  1.0000000e+003
  4.9600000e+003  1.0472307e+001  1.5484044e+001  2.3046885e+004  3.5047595e+004  1.9468889e+001  5.0000000e+001  1.0000000e+003
  4.9760000e+003  1.0495566e+001  1.9023886e+001  2.2763568e+004  3.4322304e+004  1.9460000e+001  5.0000000e+001  1.0000000e+003
  4.9920000e+003  1.0516303e+001  1.4204074e+001  2.2492101e+004  3.5017583e+004  1.9451111e+001  5.0000000e+001  1.0000000e+003
  5.0080000e+003  1.0524672e+001  1.2503838e+001  2.2281917e+004  3.5347624e+004  1.9442222e+001  5.0000000e+001  1.0000000e+003
  5.0240000e+003  1.0540564e+001  1.8116495e+001  2.2033667e+004  3.4438964e+004  1.9433333e+001  5.0000000e+001  1.0000000e+003
  5.0400000e+003  1.0567477e+001  1.9554881e+001  2.1729350e+004  3.4012428e+004  1.9424444e+001  5.0000000e+001  1.0000000e+003
  5.0560000e+003  1.0596489e+001  1.9845196e+001  2.1413555e+004  3.3771282e+004  1.9415556e+001  5.0000000e+001  1.0000000e+003
  5.0720000e+003  1.0625659e+001  1.9267829e+001  2.1096031e+004  3.3691343e+004  1.9406667e+001  5.0000000e+001  1.0000000e+003
  5.0880000e+003  1.0648691e+001  1.7177676e+001  2.0808813e+004  3.3958329e+004  1.9397778e+001  5.0000000e+001  1.0000000e+003
  5.1040000e+003  1.0668791e+001  1.7882488e+001  2.0535820e+004  3.3567042e+004  1.9388889e+001  5.0000000e+001  1.0000000e+003
  5.1200000e+003  1.0694522e+001  1.9508273e+001  2.0233351e+004  3.2901891e+004  1.9380000e+001  5.0000000e+001  1.0000000e+003
  5.1360000e+003  1.0721284e+001  1.7766243e+001  1.9924764e+004  3.2853631e+004  1.9371111e+001  5.0000000e+001  1.0000000e+003
  5.1520000e+003  1.0739551e+001  1.5916393e+001  1.9659093e+004  3.2941283e+004  1.9362222e+001  5.0000000e+001  1.0000000e+003
  5.1680000e+003  1.0754674e+001  1.5344277e+001  1.9409090e+004  3.2836355e+004  1.9353333e+001  5.0000000e+001  1.0000000e+003
  5.1840000e+003  1.0768450e+001  1.5144706e+001  1.9165586e+004  3.2683291e+004  1.9344444e+001  5.0000000e+001  1.0000000e+003
  5.2000000e+003  1.0785331e+001  1.8197044e+001  1.8905496e+004  3.1944729e+004  1.9335556e+001  5.0000000e+001  1.0000000e+003
  5.2160000e+003  1.0810713e+001  1.9573577e+001  1.8600512e+004  3.1343473e+004  1.9326667e+001  5.0000000e+001  1.0000000e+003
  5.2320000e+003  1.0836408e+001  1.8673622e+001  1.8293077e+004  3.1168950e+004  1.9317778e+001  5.0000000e+001  1.0000000e+003
  5.2480000e+003  1.0859654e+001  1.8337526e+001  1.7997676e+004  3.0921890e+004  1.9308889e+001  5.0000000e+001  1.0000000e+003
  5.2640000e+003  1.0871274e+001  1.1601598e+001  1.7762742e+004  3.1628959e+004  1.9300000e+001  5.0000000e+001  1.0000000e+003
  5.2800000e+003  1.0870241e+001  9.8956386e+000  1.7594256e+004  3.1726566e+004  1.9291111e+001  5.0000000e+001  1.0000000e+003
  5.2960000e+003  1.0882728e+001  1.7947794e+001  1.7354192e+004  3.0415069e+004  1.9282222e+001  5.0000000e+001  1.0000000e+003
  5.3120000e+003  1.0906643e+001  1.7563248e+001  1.7053007e+004  3.0015635e+004  1.9273333e+001  5.0000000e+001  1.0000000e+003
  5.3280000e+003  1.0914964e+001  1.1396348e+001  1.6834154e+004  3.0717506e+004  1.9264444e+001  5.0000000e+001  1.0000000e+003
  5.3440000e+003  1.0915443e+001  1.3627768e+001  1.6656958e+004  3.0357485e+004  1.9255556e+001  5.0000000e+001  1.0000000e+003
  5.3600000e+003  1.0932968e+001  1.8653976e+001  1.6388359e+004  2.9307880e+004  1.9246667e+001  5.0000000e+001  1.0000000e+003
  5.3760000e+003  1.0955412e+001  1.5729016e+001  1.6092749e+004  2.9376533e+004  1.9237778e+001  5.0000000e+001  1.0000000e+003
  5.3920000e+003  1.0963171e+001  1.2292001e+001  1.5875619e+004  2.9693936e+004  1.9228889e+001  5.0000000e+001  1.0000000e+003
  5.4080000e+003  1.0967758e+001  1.3903143e+001  1.5675397e+004  2.9362603e+004  1.9220000e+001  5.0000000e+001  1.0000000e+003
  5.4240000e+003  1.0978823e+001  1.5203208e+001  1.5439883e+004  2.9004754e+004  1.9211111e+001  5.0000000e+001  1.0000000e+003
  5.4400000e+003  1.0994769e+001  1.8277795e+001  1.5177463e+004  2.8283352e+004  1.9202222e+001  5.0000000e+001  1.0000000e+003
  5.4560000e+003  1.1018525e+001  1.9581018e+001  1.4871910e+004  2.7681189e+004  1.9193333e+001  5.0000000e+001  1.0000000e+003
  5.4720000e+003  1.1044043e+001  1.9845594e+001  1.4555955e+004  2.7209217e+004  1.9184444e+001  5.0000000e+001  1.0000000e+003
  5.4880000e+003  1.1069796e+001  1.9899008e+001  1.4237889e+004  2.6769992e+004  1.9175556e+001  5.0000000e+001  1.0000000e+003
  5.5040000e+003  1.1089968e+001  1.6410865e+001  1.3949724e+004  2.7004973e+004  1.9166667e+001  5.0000000e+001  1.0000000e+003
  5.5200000e+003  1.1103778e+001  1.5525678e+001  1.3696043e+004  2.6899859e+004  1.9157778e+001  5.0000000e+001  1.0000000e+003
  5.5360000e+003  1.1123014e+001  1.9048540e+001  1.3411873e+004  2.6021214e+004  1.9148889e+001  5.0000000e+001  1.0000000e+003
  5.5520000e+003  1.1146978e+001  1.9019247e+001  1.3100832e+004  2.5616281e+004  1.9140000e+001  5.0000000e+001  1.0000000e+003
  5.5680000e+003  1.1165547e+001  1.6782982e+001  1.2819068e+004  2.5668892e+004  1.9131111e+001  5.0000000e+001  1.0000000e+003
  5.5840000e+003  1.1181071e+001  1.6965418e+001  1.2553718e+004  2.5376458e+004  1.9122222e+001  5.0000000e+001  1.0000000e+003
  5.6000000e+003  1.1199156e+001  1.7834660e+001  1.2273530e+004  2.4936197e+004  1.9113333e+001  5.0000000e+001  1.0000000e+003
  5.6160000e+003  1.1215829e+001  1.3693833e+001  1.2000690e+004  2.5126149e+004  1.9104444e+001  5.0000000e+001  1.0000000e+003
  5.6320000e+003  1.1215807e+001  9.7356082e+000  1.1821358e+004  2.5424984e+004  1.9095556e+001  5.0000000e+001  1.0000000e+003
  5.6480000e+003  1.1213902e+001  1.3525419e+001  1.1652666e+004  2.4915131e+004  1.9086667e+001  5.0000000e+001  1.0000000e+003
  5.6640000e+003  1.1225227e+001  1.6229070e+001  1.1409090e+004  2.4335970e+004  1.9077778e+001  5.0000000e+001  1.0000000e+003
  5.6800000e+003  1.1242273e+001  1.8696457e+001  1.1132645e+004  2.3657576e+004  1.9068889e+001  5.0000000e+001  1.0000000e+003
  5.6960000e+003  1.1264920e+001  1.9667050e+001  1.0823749e+004  2.3104120e+004  1.9060000e+001  5.0000000e+001  1.0000000e+003
  5.7120000e+003  1.1281252e+001  1.3913675e+001  1.0550206e+004  2.3553198e+004  1.9051111e+001  5.0000000e+001  1.0000000e+003
  5.7280000e+003  1.1285195e+001  1.1969766e+001  1.0347116e+004  2.3629223e+004  1.9042222e+001  5.0000000e+001  1.0000000e+003
  5.7440000e+003  1.1282314e+001  8.8582677e+000  1.0183108e+004  2.3811188e+004  1.9033333e+001  5.0000000e+001  1.0000000e+003
  5.7600000e+003  1.1274240e+001  8.0893436e+000  1.0049102e+004  2.3792523e+004  1.9024444e+001  5.0000000e+001  1.0000000e+003
  5.7760000e+003  1.1282096e+001  1.7584492e+001  9.8233321e+003  2.2510776e+004  1.9015556e+001  5.0000000e+001  1.0000000e+003
  5.7920000e+003  1.1302726e+001  1.9442671e+001  9.5233085e+003  2.1852803e+004  1.9006667e+001  5.0000000e+001  1.0000000e+003
  5.8080000e+003  1.1325795e+001  1.9817666e+001  9.2084579e+003  2.1382935e+004  1.8997778e+001  5.0000000e+001  1.0000000e+003
  5.8240000e+003  1.1349251e+001  1.9893369e+001  8.8906146e+003  2.0954058e+004  1.8988889e+001  5.0000000e+001  1.0000000e+003
  5.8400000e+003  1.1372682e+001  1.9908653e+001  8.5721671e+003  2.0534434e+004  1.8980000e+001  5.0000000e+001  1.0000000e+003
  5.8560000e+003  1.1392546e+001  1.3774674e+001  8.2738581e+003  2.0748500e+004  1.8971111e+001  5.0000000e+001  1.0000000e+003
  5.8720000e+003  1.1389315e+001  8.0924407e+000  8.1105511e+003  2.1156292e+004  1.8962222e+001  5.0000000e+001  1.0000000e+003
  5.8880000e+003  1.1384162e+001  1.4386919e+001  7.9586704e+003  2.0441786e+004  1.8953333e+001  5.0000000e+001  1.0000000e+003
  5.9040000e+003  1.1399806e+001  1.8797966e+001  7.6841482e+003  1.9538994e+004  1.8944444e+001  5.0000000e+001  1.0000000e+003
  5.9200000e+003  1.1417119e+001  1.5468689e+001  7.3992379e+003  1.9649099e+004  1.8935556e+001  5.0000000e+001  1.0000000e+003
  5.9360000e+003  1.1425140e+001  1.3756438e+001  7.1689414e+003  1.9665553e+004  1.8926667e+001  5.0000000e+001  1.0000000e+003
  5.9520000e+003  1.1426762e+001  1.0073994e+001  6.9764841e+003  1.9882043e+004  1.8917778e+001  5.0000000e+001  1.0000000e+003
  5.9680000e+003  1.1421147e+001  8.8921418e+000  6.8271742e+003  1.9885767e+004  1.8908889e+001  5.0000000e+001  1.0000000e+003
  5.9840000e+003  1.1418295e+001  1.1628641e+001  6.6615072e+003  1.9544814e+004  1.8900000e+001  5.0000000e+001  1.0000000e+003
  6.0000000e+003  1.1420037e+001  1.2334067e+001  6.4683609e+003  1.9341665e+004  1.8891111e+001  5.0000000e+001  1.0000000e+003
  6.0160000e+003  1.1432724e+001  1.8418036e+001  6.2092986e+003  1.8323396e+004  1.8882222e+001  5.0000000e+001  1.0000000e+003
  6.0320000e+003  1.1453236e+001  1.9610859e+001  5.9026244e+003  1.7765465e+004  1.8873333e+001  5.0000000e+001  1.0000000e+003
  6.0480000e+003  1.1475214e+001  1.9851618e+001  5.5864316e+003  1.7323697e+004  1.8864444e+001  5.0000000e+001  1.0000000e+003
  6.0640000e+003  1.1497353e+001  1.9787694e+001  5.2685535e+003  1.6925363e+004  1.8855556e+001  5.0000000e+001  1.0000000e+003
  6.0800000e+003  1.1518899e+001  1.9626189e+001  4.9535745e+003  1.6552519e+004  1.8846667e+001  5.0000000e+001  1.0000000e+003
  6.0960000e+003  1.1539193e+001  1.7883278e+001  4.6455400e+003  1.6423757e+004  1.8837778e+001  5.0000000e+001  1.0000000e+003
  6.1120000e+003  1.1553188e+001  1.6295692e+001  4.3753603e+003  1.6363401e+004  1.8828889e+001  5.0000000e+001  1.0000000e+003
  6.1280000e+003  1.1566723e+001  1.8229582e+001  4.1075553e+003  1.5836220e+004  1.8820000e+001  5.0000000e+001  1.0000000e+003
  6.1440000e+003  1.1586268e+001  1.9572850e+001  3.8023841e+003  1.5272968e+004  1.8811111e+001  5.0000000e+001  1.0000000e+003
  6.1600000e+003  1.1603213e+001  1.5401117e+001  3.5126058e+003  1.5455913e+004  1.8802222e+001  5.0000000e+001  1.0000000e+003
  6.1760000e+003  1.1609898e+001  1.3463181e+001  3.2856577e+003  1.5486553e+004  1.8793333e+001  5.0000000e+001  1.0000000e+003
  6.1920000e+003  1.1618839e+001  1.7162968e+001  3.0445313e+003  1.4836238e+004  1.8784444e+001  5.0000000e+001  1.0000000e+003
  6.2080000e+003  1.1635200e+001  1.8444848e+001  2.7570432e+003  1.4346000e+004  1.8775556e+001  5.0000000e+001  1.0000000e+003
  6.2240000e+003  1.1646377e+001  1.3860330e+001  2.5013020e+003  1.4628876e+004  1.8766667e+001  5.0000000e+001  1.0000000e+003
  6.2400000e+003  1.1650159e+001  1.2683936e+001  2.2913559e+003  1.4589624e+004  1.8757778e+001  5.0000000e+001  1.0000000e+003
  6.2560000e+003  1.1662220e+001  1.8489095e+001  2.0294888e+003  1.3645006e+004  1.8748889e+001  5.0000000e+001  1.0000000e+003
  6.2720000e+003  1.1680981e+001  1.6417338e+001  1.7252060e+003  1.3301882e+004  1.8740000e+001  5.0000000e+001  1.0000000e+003
  6.2880000e+003  1.1675797e+001  5.7006755e+000  1.5709132e+003  1.3929530e+004  1.8731111e+001  5.0000000e+001  1.0000000e+003
  6.3040000e+003  1.1658587e+001  7.6499320e+000  1.4926102e+003  1.3750606e+004  1.8722222e+001  5.0000000e+001  1.0000000e+003
  6.3200000e+003  1.1657652e+001  1.3437759e+001  1.3119836e+003  1.3152579e+004  1.8713333e+001  5.0000000e+001  1.0000000e+003
  6.3360000e+003  1.1662095e+001  1.0965200e+001  1.0973072e+003  1.3174120e+004  1.8704444e+001  5.0000000e+001  1.0000000e+003
  6.3520000e+003  1.1655390e+001  7.8358010e+000  9.5330756e+002  1.3301840e+004  1.8695556e+001  5.0000000e+001  1.0000000e+003
  6.3680000e+003  1.1646589e+001  9.7029826e+000  8.2287493e+002  1.3093726e+004  1.8686667e+001  5.0000000e+001  1.0000000e+003
  6.3840000e+003  1.1643975e+001  1.1136659e+001  6.5322075e+002  1.2869672e+004  1.8677778e+001  5.0000000e+001  1.0000000e+003
  6.4000000e+003  1.1640654e+001  8.6954034e+000  4.8817403e+002  1.2938781e+004  1.8668889e+001  5.0000000e+001  1.0000000e+003
  6.4160000e+003  1.1631485e+001  7.5294050e+000  3.6076239e+002  1.2930378e+004  1.8660000e+001  5.0000000e+001  1.0000000e+003
  6.4320000e+003  1.1620281e+001  6.7312512e+000  2.4673416e+002  1.2901000e+004  1.8651111e+001  5.0000000e+001  1.0000000e+003
  6.4480000e+003  1.1607785e+001  6.4962889e+000  1.4139490e+002  1.2844638e+004  1.8642222e+001  5.0000000e+001  1.0000000e+003
  6.4640000e+003  1.1592106e+001  4.2446098e+000  5.7033608e+001  1.2872615e+004  1.8633333e+001  5.0000000e+001  1.0000000e+003
  6.4800000e+003  1.1573075e+001  3.3427120e+000 -5.0976732e+000  1.2842240e+004  1.8624444e+001  5.0000000e+001  1.0000000e+003
  6.4960000e+003  1.1548645e+001  6.5721742e-001 -3.1549618e+001  1.2830349e+004  1.8615556e+001  5.0000000e+001  1.0000000e+003
  6.5120000e+003  1.1521060e+001  1.1935703e-001 -3.6661070e+001  1.2783875e+004  1.8606667e+001  5.0000000e+001  1.0000000e+003
  6.5280000e+003  1.1492951e+001  1.0750770e-002 -3.7479563e+001  1.2736246e+004  1.8597778e+001  5.0000000e+001  1.0000000e+003
  6.5440000e+003  1.1464853e+001 -7.7280103e-003 -3.7461139e+001  1.2688673e+004  1.8588889e+001  5.0000000e+001  1.0000000e+003
  6.5600000e+003  1.1436868e+001 -1.2155946e-002 -3.7292997e+001  1.2641167e+004  1.8580000e+001  5.0000000e+001  1.0000000e+003
  6.5760000e+003  1.1409015e+001 -1.3049780e-002 -3.7089521e+001  1.2593712e+004  1.8571111e+001  5.0000000e+001  1.0000000e+003
  6.5920000e+003  1.1381295e+001 -1.3230242e-002 -3.6878911e+001  1.2546309e+004  1.8562222e+001  5.0000000e+001  1.0000000e+003
  6.6080000e+003  1.1353710e+001 -1.3266677e-002 -3.6666861e+001  1.2498957e+004  1.8553333e+001  5.0000000e+001  1.0000000e+003
  6.6240000e+003  1.1326257e+001 -1.3274033e-002 -3.6454521e+001  1.2451657e+004  1.8544444e+001  5.0000000e+001  1.0000000e+003
  6.6400000e+003  1.1298937e+001 -1.3275518e-002 -3.6242121e+001  1.2404408e+004  1.8535556e+001  5.0000000e+001  1.0000000e+003
  6.6560000e+003  1.1271748e+001 -1.3275818e-002 -3.6029710e+001  1.2357210e+004  1.8526667e+001  5.0000000e+001  1.0000000e+003
  6.6720000e+003  1.1244690e+001 -1.3275878e-002 -3.5817296e+001  1.2310064e+004  1.8517778e+001  5.0000000e+001  1.0000000e+003
  6.6880000e+003  1.1217761e+001 -1.3275890e-002 -3.5604882e+001  1.2262968e+004  1.8508889e+001  5.0000000e+001  1.0000000e+003
  6.7040000e+003  1.1190961e+001 -1.3275893e-002 -3.5392468e+001  1.2215924e+004  1.8500000e+001  5.0000000e+001  1.0000000e+003
  6.7200000e+003  1.1164288e+001 -1.3162877e-002 -3.5180187e+001  1.2168930e+004  1.8491111e+001  5.0000000e+001  1.0000000e+003
  6.7360000e+003  1.1137742e+001 -1.3148181e-002 -3.4969809e+001  1.2121992e+004  1.8482222e+001  5.0000000e+001  1.0000000e+003
  6.7520000e+003  1.1111322e+001 -1.3148181e-002 -3.4759438e+001  1.2075105e+004  1.8473333e+001  5.0000000e+001  1.0000000e+003
  6.7680000e+003  1.1085027e+001 -1.3148181e-002 -3.4549067e+001  1.2028269e+004  1.8464444e+001  5.0000000e+001  1.0000000e+003
  6.7840000e+003  1.1058856e+001 -1.3148181e-002 -3.4338696e+001  1.2018873e+004  1.8455556e+001  5.0000000e+001  1.0000000e+003
  6.8000000e+003  1.1032808e+001 -1.3148181e-002 -3.4128325e+001  1.2121819e+004  1.8446667e+001  5.0000000e+001  1.0000000e+003
  6.8160000e+003  1.1006882e+001 -1.3148181e-002 -3.3917954e+001  1.2225008e+004  1.8437778e+001  5.0000000e+001  1.0000000e+003
  6.8320000e+003  1.0981078e+001 -1.3148181e-002 -3.3707583e+001  1.2328441e+004  1.8428889e+001  5.0000000e+001  1.0000000e+003
  6.8480000e+003  1.0955395e+001 -1.3148181e-002 -3.3497213e+001  1.2432120e+004  1.8420000e+001  5.0000000e+001  1.0000000e+003
  6.8640000e+003  1.0929831e+001 -1.3148181e-002 -3.3286842e+001  1.2536044e+004  1.8411111e+001  5.0000000e+001  1.0000000e+003
  6.8800000e+003  1.0904385e+001 -1.3148181e-002 -3.3076471e+001  1.2640216e+004  1.8402222e+001  5.0000000e+001  1.0000000e+003
  6.8960000e+003  1.0879058e+001 -1.3148181e-002 -3.2866100e+001  1.2744635e+004  1.8393333e+001  5.0000000e+001  1.0000000e+003
  6.9120000e+003  1.0853849e+001 -1.3148181e-002 -3.2655729e+001  1.2849302e+004  1.8384444e+001  5.0000000e+001  1.0000000e+003
  6.9280000e+003  1.0828755e+001 -1.3148181e-002 -3.2445358e+001  1.2954219e+004  1.8375556e+001  5.0000000e+001  1.0000000e+003
  6.9440000e+003  1.0803778e+001 -1.3148181e-002 -3.2234987e+001  1.3059387e+004  1.8366667e+001  5.0000000e+001  1.0000000e+003
  6.9600000e+003  1.0778915e+001 -1.3148181e-002 -3.2024616e+001  1.3164805e+004  1.8357778e+001  5.0000000e+001  1.0000000e+003
  6.9760000e+003  1.0754166e+001 -1.3148181e-002 -3.1814245e+001  1.3270476e+004  1.8348889e+001  5.0000000e+001  1.0000000e+003
  6.9920000e+003  1.0729530e+001 -1.3148181e-002 -3.1603874e+001  1.3376401e+004  1.8340000e+001  5.0000000e+001  1.0000000e+003
  7.0080000e+003  1.0705007e+001 -1.3148181e-002 -3.1393504e+001  1.3482579e+004  1.8331111e+001  5.0000000e+001  1.0000000e+003
  7.0240000e+003  1.0680595e+001 -1.3148181e-002 -3.1183133e+001  1.3589012e+004  1.8322222e+001  5.0000000e+001  1.0000000e+003
  7.0400000e+003  1.0656295e+001 -1.3148181e-002 -3.0972762e+001  1.3695701e+004  1.8313333e+001  5.0000000e+001  1.0000000e+003
  7.0560000e+003  1.0632105e+001 -1.3148181e-002 -3.0762391e+001  1.3802646e+004  1.8304444e+001  5.0000000e+001  1.0000000e+003
  7.0720000e+003  1.0608024e+001 -1.3148181e-002 -3.0552020e+001  1.3909850e+004  1.8295556e+001  5.0000000e+001  1.0000000e+003
  7.0880000e+003  1.0584052e+001 -1.3148181e-002 -3.0341649e+001  1.4017312e+004  1.8286667e+001  5.0000000e+001  1.0000000e+003
  7.1040000e+003  1.0560187e+001 -1.3148181e-002 -3.0131278e+001  1.4125033e+004  1.8277778e+001  5.0000000e+001  1.0000000e+003
  7.1200000e+003  1.0536430e+001 -1.3148181e-002 -2.9920907e+001  1.4233015e+004  1.8268889e+001  5.0000000e+001  1.0000000e+003
  7.1360000e+003  1.0512780e+001 -1.3148181e-002 -2.9710536e+001  1.4341259e+004  1.8260000e+001  5.0000000e+001  1.0000000e+003
  7.1520000e+003  1.0489235e+001 -1.3148181e-002 -2.9500165e+001  1.4449765e+004  1.8251111e+001  5.0000000e+001  1.0000000e+003
  7.1680000e+003  1.0465796e+001 -1.3148181e-002 -2.9289795e+001  1.4558534e+004  1.8242222e+001  5.0000000e+001  1.0000000e+003
  7.1840000e+003  1.0442461e+001 -1.3148181e-002 -2.9079424e+001  1.4667568e+004  1.8233333e+001  5.0000000e+001  1.0000000e+003
  7.2000000e+003  1.0419229e+001 -1.3148181e-002 -2.8869053e+001  1.4776867e+004  1.8224444e+001  5.0000000e+001  1.0000000e+003
  7.2160000e+003  1.0396101e+001 -1.3148181e-002 -2.8658682e+001  1.4886432e+004  1.8215556e+001  5.0000000e+001  1.0000000e+003
  7.2320000e+003  1.0373075e+001 -1.3148181e-002 -2.8448311e+001  1.4996265e+004  1.8206667e+001  5.0000000e+001  1.0000000e+003
  7.2480000e+003  1.0350150e+001 -1.3148181e-002 -2.8237940e+001  1.5106366e+004  1.8197778e+001  5.0000000e+001  1.0000000e+003
  7.2640000e+003  1.0327327e+001 -1.3148181e-002 -2.8027569e+001  1.5216736e+004  1.8188889e+001  5.0000000e+001  1.0000000e+003
  7.2800000e+003  1.0304603e+001 -1.3148181e-002 -2.7817198e+001  1.5327376e+004  1.8180000e+001  5.0000000e+001  1.0000000e+003
  7.2960000e+003  1.0281980e+001 -1.3148181e-002 -2.7606827e+001  1.5438288e+004  1.8171111e+001  5.0000000e+001  1.0000000e+003
  7.3120000e+003  1.0259455e+001 -1.3148181e-002 -2.7396456e+001  1.5549471e+004  1.8162222e+001  5.0000000e+001  1.0000000e+003
  7.3280000e+003  1.0237029e+001 -1.3148181e-002 -2.7186085e+001  1.5660928e+004  1.8153333e+001  5.0000000e+001  1.0000000e+003
  7.3440000e+003  1.0214701e+001 -1.3148181e-002 -2.6975715e+001  1.5772660e+004  1.8144444e+001  5.0000000e+001  1.0000000e+003
  7.3600000e+003  1.0192469e+001 -1.3148181e-002 -2.6765344e+001  1.5884666e+004  1.8135556e+001  5.0000000e+001  1.0000000e+003
  7.3760000e+003  1.0170334e+001 -1.3148181e-002 -2.6554973e+001  1.5996949e+004  1.8126667e+001  5.0000000e+001  1.0000000e+003
  7.3920000e+003  1.0148295e+001 -1.3148181e-002 -2.6344602e+001  1.6109509e+004  1.8117778e+001  5.0000000e+001  1.0000000e+003
  7.4080000e+003  1.0126351e+001 -1.3148181e-002 -2.6134231e+001  1.6222347e+004  1.8108889e+001  5.0000000e+001  1.0000000e+003
  7.4240000e+003  1.0104502e+001 -1.3148181e-002 -2.5923860e+001  1.6335464e+004  1.8100000e+001  5.0000000e+001  1.0000000e+003
  7.4400000e+003  1.0082746e+001 -1.3148181e-002 -2.5713489e+001  1.6448862e+004  1.8091111e+001  5.0000000e+001  1.0000000e+003
  7.4560000e+003  1.0061084e+001 -1.3148181e-002 -2.5503118e+001  1.6562542e+004  1.8082222e+001  5.0000000e+001  1.0000000e+003
  7.4720000e+003  1.0039515e+001 -1.3148181e-002 -2.5292747e+001  1.6676504e+004  1.8073333e+001  5.0000000e+001  1.0000000e+003
  7.4880000e+003  1.0018037e+001 -1.3148181e-002 -2.5082376e+001  1.6790749e+004  1.8064444e+001  5.0000000e+001  1.0000000e+003
  7.5040000e+003  9.9966518e+000 -1.3148181e-002 -2.4872006e+001  1.6905279e+004  1.8055556e+001  5.0000000e+001  1.0000000e+003
  7.5200000e+003  9.9753572e+000 -1.3148181e-002 -2.4661635e+001  1.7020095e+004  1.8046667e+001  5.0000000e+001  1.0000000e+003
  7.5360000e+003  9.9541530e+000 -1.3148181e-002 -2.4451264e+001  1.7135198e+004  1.8037778e+001  5.0000000e+001  1.0000000e+003
  7.5520000e+003  9.9330386e+000 -1.3148181e-002 -2.4240893e+001  1.7250588e+004  1.8028889e+001  5.0000000e+001  1.0000000e+003
  7.5680000e+003  9.9120135e+000 -1.3148181e-002 -2.4030522e+001  1.7366267e+004  1.8020000e+001  5.0000000e+001  1.0000000e+003
  7.5840000e+003  9.8910771e+000 -1.3148181e-002 -2.3820151e+001  1.7482237e+004  1.8011111e+001  5.0000000e+001  1.0000000e+003
  7.6000000e+003  9.8702289e+000 -1.3148181e-002 -2.3609780e+001  1.7598497e+004  1.8002222e+001  5.0000000e+001  1.0000000e+003
  7.6160000e+003  9.8494682e+000 -1.3148181e-002 -2.3399409e+001  1.7715050e+004  1.7993333e+001  5.0000000e+001  1.0000000e+003
  7.6320000e+003  9.8287946e+000 -1.3148181e-002 -2.3189038e+001  1.7831896e+004  1.7984444e+001  5.0000000e+001  1.0000000e+003
  7.6480000e+003  9.8082074e+000 -1.3148181e-002 -2.2978667e+001  1.7949036e+004  1.7975556e+001  5.0000000e+001  1.0000000e+003
  7.6640000e+003  9.7877062e+000 -1.3148181e-002 -2.2768297e+001  1.8066472e+004  1.7966667e+001  5.0000000e+001  1.0000000e+003
  7.6800000e+003  9.7672904e+000 -1.3148181e-002 -2.2557926e+001  1.8184204e+004  1.7957778e+001  5.0000000e+001  1.0000000e+003
  7.6960000e+003  9.7469595e+000 -1.3148181e-002 -2.2347555e+001  1.8302234e+004  1.7948889e+001  5.0000000e+001  1.0000000e+003
  7.7120000e+003  9.7267130e+000 -1.3148181e-002 -2.2137184e+001  1.8420563e+004  1.7940000e+001  5.0000000e+001  1.0000000e+003
  7.7280000e+003  9.7065502e+000 -1.3148181e-002 -2.1926813e+001  1.8539192e+004  1.7931111e+001  5.0000000e+001  1.0000000e+003
  7.7440000e+003  9.6864708e+000 -1.3148181e-002 -2.1716442e+001  1.8658123e+004  1.7922222e+001  5.0000000e+001  1.0000000e+003
  7.7600000e+003  9.6664742e+000 -1.3148181e-002 -2.1506071e+001  1.8777355e+004  1.7913333e+001  5.0000000e+001  1.0000000e+003
  7.7760000e+003  9.6465598e+000 -1.3148181e-002 -2.1295700e+001  1.8896892e+004  1.7904444e+001  5.0000000e+001  1.0000000e+003
  7.7920000e+003  9.6267272e+000 -1.3148181e-002 -2.1085329e+001  1.9016732e+004  1.7895556e+001  5.0000000e+001  1.0000000e+003
  7.8080000e+003  9.6069759e+000 -1.3148181e-002 -2.0874958e+001  1.9136879e+004  1.7886667e+001  5.0000000e+001  1.0000000e+003
  7.8240000e+003  9.5873054e+000 -1.3148181e-002 -2.0664588e+001  1.9257333e+004  1.7877778e+001  5.0000000e+001  1.0000000e+003
  7.8400000e+003  9.5677151e+000 -1.3148181e-002 -2.0454217e+001  1.9378095e+004  1.7868889e+001  5.0000000e+001  1.0000000e+003
  7.8560000e+003  9.5482046e+000 -1.3148181e-002 -2.0243846e+001  1.9499166e+004  1.7860000e+001  5.0000000e+001  1.0000000e+003
  7.8720000e+003  9.5287735e+000 -1.3148181e-002 -2.0033475e+001  1.9620548e+004  1.7851111e+001  5.0000000e+001  1.0000000e+003
  7.8880000e+003  9.5094211e+000 -1.3148181e-002 -1.9823104e+001  1.9742241e+004  1.7842222e+001  5.0000000e+001  1.0000000e+003
  7.9040000e+003  9.4901471e+000 -1.3148181e-002 -1.9612733e+001  1.9864248e+004  1.7833333e+001  5.0000000e+001  1.0000000e+003
  7.9200000e+003  9.4709509e+000 -1.3148181e-002 -1.9402362e+001  1.9986568e+004  1.7824444e+001  5.0000000e+001  1.0000000e+003
  7.9360000e+003  9.4518322e+000 -1.3148181e-002 -1.9191991e+001  2.0109204e+004  1.7815556e+001  5.0000000e+001  1.0000000e+003
  7.9520000e+003  9.4327903e+000 -1.3148181e-002 -1.8981620e+001  2.0232157e+004  1.7806667e+001  5.0000000e+001  1.0000000e+003
  7.9680000e+003  9.4138250e+000 -1.3148181e-002 -1.8771249e+001  2.0355428e+004  1.7797778e+001  5.0000000e+001  1.0000000e+003
  7.9840000e+003  9.3949356e+000 -1.3148181e-002 -1.8560879e+001  2.0479017e+004  1.7788889e+001  5.0000000e+001  1.0000000e+003
  8.0000000e+003  9.3761218e+000 -1.3148181e-002 -1.8350508e+001  2.0602927e+004  1.7780000e+001  5.0000000e+001  1.0000000e+003
