  0.0000000e+000  0.0000000e+000  0.0000000e+000  7.5000000e+004             NaN  2.0000000e+001  5.0000000e+001  1.0000000e+003
  1.6000000e+001  6.2305232e+000  1.0595937e+001  7.4894081e+004  1.7001064e+004  2.0000000e+001  5.0000000e+001  1.0000000e+003
  3.2000000e+001  8.9768331e+000  1.2121100e+001  7.4703765e+004  3.2576858e+004  2.0000000e+001  5.0000000e+001  1.0000000e+003
  4.8000000e+001  9.6843221e+000  1.0570871e+001  7.4525468e+004  5.4826180e+004  2.0000000e+001  5.0000000e+001  1.0000000e+003
  6.4000000e+001  9.8633070e+000  1.0529207e+001  7.4358885e+004  6.6662175e+004  2.0000000e+001  5.0000000e+001  1.0000000e+003
  8.0000000e+001  1.0037810e+001  1.0875264e+001  7.4186937e+004  7.3835134e+004  2.0000000e+001  5.0000000e+001  1.0000000e+003
  9.6000000e+001  1.0136458e+001  9.5748457e+000  7.4016764e+004  9.0365974e+004  2.0000000e+001  5.0000000e+001  1.0000000e+003
  1.1200000e+002  9.9455382e+000  8.3221461e+000  7.3876154e+004  1.0563685e+005  2.0000000e+001  5.0000000e+001  1.0000000e+003
  1.2800000e+002  9.8584586e+000  1.1854624e+001  7.3728259e+004  8.5916831e+004  2.0000000e+001  5.0000000e+001  1.0000000e+003
  1.4400000e+002  1.0239049e+001  1.4168057e+001  7.3515338e+004  7.7316498e+004  2.0000000e+001  5.0000000e+001  1.0000000e+003
  1.6000000e+002  1.0550768e+001  1.1679548e+001  7.3301326e+004  9.4020637e+004  2.0000000e+001  5.0000000e+001  1.0000000e+003
  1.7600000e+002  1.0582943e+001  1.0448810e+001  7.3126819e+004  1.0444396e+005  2.0000000e+001  5.0000000e+001  1.0000000e+003
  1.9200000e+002  1.0688708e+001  1.3658315e+001  7.2937079e+004  9.0209792e+004  2.0000000e+001  5.0000000e+001  1.0000000e+003
  2.0800000e+002  1.0968963e+001  1.4759000e+001  7.2707487e+004  8.7358474e+004  2.0000000e+001  5.0000000e+001  1.0000000e+003
  2.2400000e+002  1.1122068e+001  1.1701566e+001  7.2497535e+004  1.0319016e+005  2.0000000e+001  5.0000000e+001  1.0000000e+003
  2.4000000e+002  1.1127740e+001  1.0914771e+001  7.2318215e+004  1.0899222e+005  2.0000000e+001  5.0000000e+001  1.0000000e+003
  2.5600000e+002  1.1162554e+001  1.2131271e+001  7.2131224e+004  1.0549580e+005  2.0000000e+001  5.0000000e+001  1.0000000e+003
  2.7200000e+002  1.1223776e+001  1.1097180e+001  7.1935909e+004  1.1046033e+005  2.0000000e+001  5.0000000e+001  1.0000000e+003
  2.8800000e+002  1.1071565e+001  6.9341160e+000  7.1800318e+004  1.2748263e+005  2.0000000e+001  5.0000000e+001  1.0000000e+003
  3.0400000e+002  1.0832010e+001  6.8230621e+000  7.1696237e+004  1.2926090e+005  2.0000000e+001  5.0000000e+001  1.0000000e+003
  3.2000000e+002  1.0661435e+001  7.7565628e+000  7.1577679e+004  1.2764431e+005  2.0000000e+001  5.0000000e+001  1.0000000e+003
  3.3600000e+002  1.0554111e+001  1.0490668e+001  7.1443265e+004  1.1864100e+005  2.0000000e+001  5.0000000e+001  1.0000000e+003
  3.5200000e+002  1.0619270e+001  1.2880328e+001  7.1251398e+004  1.1025830e+005  2.0000000e+001  5.0000000e+001  1.0000000e+003
  3.6800000e+002  1.0693566e+001  1.0381761e+001  7.1054074e+004  1.1991796e+005  2.0000000e+001  5.0000000e+001  1.0000000e+003
  3.8400000e+002  1.0634495e+001  8.6147935e+000  7.0905719e+004  1.2712142e+005  2.0000000e+001  5.0000000e+001  1.0000000e+003
  4.0000000e+002  1.0577182e+001  1.0455867e+001  7.0758550e+004  1.2201247e+005  2.0000000e+001  5.0000000e+001  1.0000000e+003
  4.1600000e+002  1.0594517e+001  1.1368450e+001  7.0582086e+004  1.1979521e+005  2.0000000e+001  5.0000000e+001  1.0000000e+003
  4.3200000e+002  1.0596175e+001  9.6870186e+000  7.0411856e+004  1.2631292e+005  2.0000000e+001  5.0000000e+001  1.0000000e+003
  4.4800000e+002  1.0550704e+001  9.1027592e+000  7.0262734e+004  1.2914521e+005  2.0000000e+001  5.0000000e+001  1.0000000e+003
  4.6400000e+002  1.0507293e+001  9.4654714e+000  7.0114109e+004  1.2899460e+005  2.0000000e+001  5.0000000e+001  1.0000000e+003
  4.8000000e+002  1.0474696e+001  9.5640746e+000  6.9961671e+004  1.2962593e+005  2.0000000e+001  5.0000000e+001  1.0000000e+003
  4.9600000e+002  1.0389663e+001  6.8338749e+000  6.9836338e+004  1.3250979e+005  2.0000000e+001  5.0000000e+001  1.0000000e+003
  5.1200000e+002  1.0268343e+001  6.3413297e+000  6.9732340e+004  1.3432454e+005  2.0000000e+001  5.0000000e+001  1.0000000e+003
  5.2800000e+002  1.0150247e+001  6.3765894e+000  6.9630519e+004  1.3507722e+005  2.0000000e+001  5.0000000e+001  1.0000000e+003
  5.4400000e+002  1.0048013e+001  8.5723646e+000  6.9523833e+004  1.3045843e+005  2.0000000e+001  5.0000000e+001  1.0000000e+003
  5.6000000e+002  1.0065705e+001  1.1906962e+001  6.9353139e+004  1.2161062e+005  2.0000000e+001  5.0000000e+001  1.0000000e+003
  5.7600000e+002  1.0120748e+001  1.1233224e+001  6.9160329e+004  1.2167141e+005  2.0000000e+001  5.0000000e+001  1.0000000e+003
  5.9200000e+002  1.0131985e+001  1.0125061e+001  6.8991733e+004  1.2459815e+005  2.0000000e+001  5.0000000e+001  1.0000000e+003
  6.0800000e+002  1.0119168e+001  8.7080923e+000  6.8837426e+004  1.2675358e+005  2.0000000e+001  5.0000000e+001  1.0000000e+003
  6.2400000e+002  1.0070323e+001  7.9167436e+000  6.8706048e+004  1.2888804e+005  2.0000000e+001  5.0000000e+001  1.0000000e+003
  6.4000000e+002  1.0014623e+001  7.8180185e+000  6.8580627e+004  1.2984103e+005  2.0000000e+001  5.0000000e+001  1.0000000e+003
  6.5600000e+002  9.9610537e+000  7.8131219e+000  6.8455588e+004  1.3058146e+005  2.0000000e+001  5.0000000e+001  1.0000000e+003
  6.7200000e+002  9.9448484e+000  1.1051521e+001  6.8307117e+004  1.2374803e+005  2.0000000e+001  5.0000000e+001  1.0000000e+003
  6.8800000e+002  9.9862680e+000  1.2129494e+001  6.8119461e+004  1.2146498e+005  2.0000000e+001  5.0000000e+001  1.0000000e+003
  7.0400000e+002  1.0013852e+001  1.0381999e+001  6.7940235e+004  1.2388455e+005  2.0000000e+001  5.0000000e+001  1.0000000e+003
  7.2000000e+002  1.0015691e+001  9.9277118e+000  6.7778687e+004  1.2547251e+005  2.0000000e+001  5.0000000e+001  1.0000000e+003
  7.3600000e+002  1.0030285e+001  1.1126051e+001  6.7607680e+004  1.2332728e+005  2.0000000e+001  5.0000000e+001  1.0000000e+003
  7.5200000e+002  1.0056620e+001  1.1296536e+001  6.7427365e+004  1.2337962e+005  2.0000000e+001  5.0000000e+001  1.0000000e+003
  7.6800000e+002  1.0080256e+001  1.1131781e+001  6.7248283e+004  1.2417897e+005  2.0000000e+001  5.0000000e+001  1.0000000e+003
  7.8400000e+002  1.0102199e+001  1.1447564e+001  6.7069774e+004  1.2389155e+005  2.0000000e+001  5.0000000e+001  1.0000000e+003
  8.0000000e+002  1.0135658e+001  1.1972138e+001  6.6881338e+004  1.2303675e+005  2.0000000e+001  5.0000000e+001  1.0000000e+003
  8.1600000e+002  1.0171042e+001  1.1612928e+001  6.6690259e+004  1.2391216e+005  2.0000000e+001  5.0000000e+001  1.0000000e+003
  8.3200000e+002  1.0193810e+001  1.1204541e+001  6.6508556e+004  1.2511209e+005  2.0000000e+001  5.0000000e+001  1.0000000e+003
  8.4800000e+002  1.0197065e+001  8.3659569e+000  6.6342692e+004  1.2642060e+005  2.0000000e+001  5.0000000e+001  1.0000000e+003
  8.6400000e+002  1.0142977e+001  6.6253288e+000  6.6226325e+004  1.2792239e+005  2.0000000e+001  5.0000000e+001  1.0000000e+003
  8.8000000e+002  1.0095784e+001  9.3768902e+000  6.6105614e+004  1.2425062e+005  2.0000000e+001  5.0000000e+001  1.0000000e+003
  8.9600000e+002  1.0097737e+001  1.0695898e+001  6.5942330e+004  1.2238092e+005  2.0000000e+001  5.0000000e+001  1.0000000e+003
  9.1200000e+002  1.0122995e+001  1.2454915e+001  6.5757705e+004  1.1932264e+005  2.0000000e+001  5.0000000e+001  1.0000000e+003
  9.2800000e+002  1.0169114e+001  1.3005609e+001  6.5552893e+004  1.1836479e+005  2.0000000e+001  5.0000000e+001  1.0000000e+003
  9.4400000e+002  1.0210538e+001  1.2268212e+001  6.5351042e+004  1.1976560e+005  2.0000000e+001  5.0000000e+001  1.0000000e+003
  9.6000000e+002  1.0242783e+001  1.2075553e+001  6.5156686e+004  1.2032245e+005  2.0000000e+001  5.0000000e+001  1.0000000e+003
  9.7600000e+002  1.0199300e+001  4.9889896e+000  6.5035284e+004  1.2164530e+005  2.0000000e+001  5.0000000e+001  1.0000000e+003
  9.9200000e+002  1.0102277e+001  4.7480125e+000  6.4968439e+004  1.2136780e+005  2.0000000e+001  5.0000000e+001  1.0000000e+003
  1.0080000e+003  1.0052807e+001  8.2930340e+000  6.4856718e+004  1.1767082e+005  2.0000000e+001  5.0000000e+001  1.0000000e+003
  1.0240000e+003  1.0032190e+001  8.9544147e+000  6.4717005e+004  1.1662610e+005  2.0000000e+001  5.0000000e+001  1.0000000e+003
  1.0400000e+003  1.0016305e+001  9.0248808e+000  6.4573027e+004  1.1628860e+005  2.0000000e+001  5.0000000e+001  1.0000000e+003
  1.0560000e+003  1.0004055e+001  9.8772420e+000  6.4425714e+004  1.1493065e+005  2.0000000e+001  5.0000000e+001  1.0000000e+003
  1.0720000e+003  1.0009445e+001  1.0654610e+001  6.4259866e+004  1.1351992e+005  2.0000000e+001  5.0000000e+001  1.0000000e+003
  1.0880000e+003  1.0014872e+001  9.4996162e+000  6.4093804e+004  1.1392423e+005  2.0000000e+001  5.0000000e+001  1.0000000e+003
  1.1040000e+003  1.0000241e+001  8.7109892e+000  6.3949734e+004  1.1460379e+005  2.0000000e+001  5.0000000e+001  1.0000000e+003
  1.1200000e+003  9.9852361e+000  9.4719362e+000  6.3806550e+004  1.1351230e+005  2.0000000e+001  5.0000000e+001  1.0000000e+003
  1.1360000e+003  9.9813726e+000  9.8521119e+000  6.3651179e+004  1.1278793e+005  2.0000000e+001  5.0000000e+001  1.0000000e+003
  1.1520000e+003  1.0000365e+001  1.3130103e+001  6.3469580e+004  1.0791846e+005  2.0000000e+001  5.0000000e+001  1.0000000e+003
  1.1680000e+003  1.0052492e+001  1.4211023e+001  6.3248637e+004  1.0556796e+005  2.0000000e+001  5.0000000e+001  1.0000000e+003
  1.1840000e+003  1.0098611e+001  1.2803671e+001  6.3033145e+004  1.0648519e+005  2.0000000e+001  5.0000000e+001  1.0000000e+003
  1.2000000e+003  1.0131560e+001  1.2435049e+001  6.2831996e+004  1.0631592e+005  2.0000000e+001  5.0000000e+001  1.0000000e+003
  1.2160000e+003  1.0150303e+001  1.1049490e+001  6.2647081e+004  1.0726291e+005  2.0000000e+001  5.0000000e+001  1.0000000e+003
  1.2320000e+003  1.0159262e+001  1.0123248e+001  6.2473630e+004  1.0736390e+005  2.0000000e+001  5.0000000e+001  1.0000000e+003
  1.2480000e+003  1.0140890e+001  7.9038041e+000  6.2334029e+004  1.0839600e+005  2.0000000e+001  5.0000000e+001  1.0000000e+003
  1.2640000e+003  1.0110435e+001  8.2866886e+000  6.2210300e+004  1.0794702e+005  2.0000000e+001  5.0000000e+001  1.0000000e+003
  1.2800000e+003  1.0096849e+001  9.4576992e+000  6.2065937e+004  1.0670223e+005  2.0000000e+001  5.0000000e+001  1.0000000e+003
  1.2960000e+003  1.0091519e+001  9.9790600e+000  6.1911299e+004  1.0596395e+005  2.0000000e+001  5.0000000e+001  1.0000000e+003
  1.3120000e+003  1.0092533e+001  1.0290482e+001  6.1748505e+004  1.0537619e+005  2.0000000e+001  5.0000000e+001  1.0000000e+003
  1.3280000e+003  1.0091561e+001  9.2382434e+000  6.1588316e+004  1.0572950e+005  2.0000000e+001  5.0000000e+001  1.0000000e+003
  1.3440000e+003  1.0076296e+001  8.5536906e+000  6.1447382e+004  1.0612969e+005  2.0000000e+001  5.0000000e+001  1.0000000e+003
  1.3600000e+003  1.0059095e+001  8.8137003e+000  6.1309571e+004  1.0576027e+005  2.0000000e+001  5.0000000e+001  1.0000000e+003
  1.3760000e+003  1.0045723e+001  8.9642480e+000  6.1167039e+004  1.0546085e+005  2.0000000e+001  5.0000000e+001  1.0000000e+003
  1.3920000e+003  1.0041304e+001  1.0491175e+001  6.1012463e+004  1.0387827e+005  2.0000000e+001  5.0000000e+001  1.0000000e+003
  1.4080000e+003  1.0050009e+001  1.0995513e+001  6.0839537e+004  1.0307630e+005  2.0000000e+001  5.0000000e+001  1.0000000e+003
  1.4240000e+003  1.0076212e+001  1.3541607e+001  6.0641398e+004  9.9921984e+004  2.0000000e+001  5.0000000e+001  1.0000000e+003
  1.4400000e+003  1.0119151e+001  1.4181382e+001  6.0418304e+004  9.8508597e+004  2.0000000e+001  5.0000000e+001  1.0000000e+003
  1.4560000e+003  1.0101617e+001  5.2499408e+000  6.0281944e+004  9.9347881e+004  2.0000000e+001  5.0000000e+001  1.0000000e+003
  1.4720000e+003  1.0037413e+001  4.2348854e+000  6.0214890e+004  9.9450790e+004  2.0000000e+001  5.0000000e+001  1.0000000e+003
  1.4880000e+003  9.9892491e+000  6.3288388e+000  6.0126008e+004  9.8549871e+004  2.0000000e+001  5.0000000e+001  1.0000000e+003
  1.5040000e+003  9.9560575e+000  8.8817360e+000  6.0016133e+004  9.6827442e+004  2.0000000e+001  5.0000000e+001  1.0000000e+003
  1.5200000e+003  9.9112767e+000  2.3167877e+000  5.9924948e+004  9.6334522e+004  2.0000000e+001  5.0000000e+001  1.0000000e+003
  1.5360000e+003  9.8198208e+000  4.2006661e-001  5.9906935e+004  9.6355151e+004  2.0000000e+001  5.0000000e+001  1.0000000e+003
  1.5520000e+003  9.7205001e+000  3.6987320e-002  5.9904063e+004  9.6270182e+004  2.0000000e+001  5.0000000e+001  1.0000000e+003
  1.5680000e+003  9.6212758e+000 -3.7503619e-002  5.9904218e+004  9.6182899e+004  2.0000000e+001  5.0000000e+001  1.0000000e+003
  1.5840000e+003  9.5236750e+000 -5.3120159e-002  5.9904975e+004  9.6096423e+004  2.0000000e+001  5.0000000e+001  1.0000000e+003
  1.6000000e+003  9.4279470e+000 -5.6273100e-002  5.9905857e+004  9.6010173e+004  2.0000000e+001  5.0000000e+001  1.0000000e+003
  1.6160000e+003  9.3340980e+000 -5.6909669e-002  5.9906764e+004  9.5924072e+004  2.0000000e+001  5.0000000e+001  1.0000000e+003
  1.6320000e+003  9.2420849e+000 -5.7038191e-002  5.9907675e+004  9.5838101e+004  2.0000000e+001  5.0000000e+001  1.0000000e+003
  1.6480000e+003  9.1518567e+000 -5.7064139e-002  5.9908588e+004  9.5752257e+004  2.0000000e+001  5.0000000e+001  1.0000000e+003
  1.6640000e+003  9.0633626e+000 -5.7069378e-002  5.9909501e+004  9.5666538e+004  2.0000000e+001  5.0000000e+001  1.0000000e+003
  1.6800000e+003  8.9765530e+000 -5.7070435e-002  5.9910414e+004  9.5580943e+004  2.0000000e+001  5.0000000e+001  1.0000000e+003
  1.6960000e+003  8.8913803e+000 -5.7070649e-002  5.9911328e+004  9.5420481e+004  2.0000000e+001  5.0000000e+001  1.0000000e+003
  1.7120000e+003  8.8077988e+000 -5.7070692e-002  5.9912241e+004  9.4150824e+004  2.0000000e+001  5.0000000e+001  1.0000000e+003
  1.7280000e+003  8.7257641e+000 -5.7070701e-002  5.9913154e+004  9.2909903e+004  2.0000000e+001  5.0000000e+001  1.0000000e+003
  1.7440000e+003  8.6452338e+000 -5.7070702e-002  5.9914067e+004  9.1696754e+004  2.0000000e+001  5.0000000e+001  1.0000000e+003
  1.7600000e+003  8.5661676e+000 -5.6984149e-002  5.9914979e+004  9.0511222e+004  2.0000000e+001  5.0000000e+001  1.0000000e+003
  1.7760000e+003  8.4885252e+000 -5.6984149e-002  5.9915891e+004  8.9351704e+004  2.0000000e+001  5.0000000e+001  1.0000000e+003
  1.7920000e+003  8.4122686e+000 -5.6984149e-002  5.9916802e+004  8.8217277e+004  2.0000000e+001  5.0000000e+001  1.0000000e+003
  1.8080000e+003  8.3402381e+000  3.8440184e+000  5.9912509e+004  8.6338915e+004  2.0000000e+001  5.0000000e+001  1.0000000e+003
  1.8240000e+003  8.3540608e+000  1.3459870e+001  5.9753839e+004  8.0116656e+004  2.0000000e+001  5.0000000e+001  1.0000000e+003
  1.8400000e+003  8.3985769e+000  1.2143914e+001  5.9538220e+004  7.8745028e+004  2.0000000e+001  5.0000000e+001  1.0000000e+003
  1.8560000e+003  8.4250999e+000  1.1081703e+001  5.9354590e+004  7.7978113e+004  2.0000000e+001  5.0000000e+001  1.0000000e+003
  1.8720000e+003  8.4408248e+000  9.3629410e+000  5.9190335e+004  7.7468730e+004  2.0000000e+001  5.0000000e+001  1.0000000e+003
  1.8880000e+003  8.4457911e+000  8.8530035e+000  5.9045901e+004  7.6671089e+004  2.0000000e+001  5.0000000e+001  1.0000000e+003
  1.9040000e+003  8.4532039e+000  9.7299313e+000  5.8896647e+004  7.6072307e+004  2.0000000e+001  5.0000000e+001  1.0000000e+003
  1.9200000e+003  8.4649833e+000  9.9489608e+000  5.8738767e+004  7.5826435e+004  2.0000000e+001  5.0000000e+001  1.0000000e+003
  1.9360000e+003  8.4743244e+000  9.3923409e+000  5.8585234e+004  7.5721064e+004  2.0000000e+001  5.0000000e+001  1.0000000e+003
  1.9520000e+003  8.4814503e+000  9.6337148e+000  5.8435728e+004  7.5445574e+004  2.0000000e+001  5.0000000e+001  1.0000000e+003
  1.9680000e+003  8.4966358e+000  1.0770774e+001  5.8270124e+004  7.4818762e+004  2.0000000e+001  5.0000000e+001  1.0000000e+003
  1.9840000e+003  8.5173681e+000  1.2180454e+001  5.8093024e+004  7.4020612e+004  2.0000000e+001  5.0000000e+001  1.0000000e+003
  2.0000000e+003  8.5559342e+000  1.4026229e+001  5.7879576e+004  7.2921641e+004  2.0000000e+001  5.0000000e+001  1.0000000e+003
  2.0160000e+003  8.5956759e+000  1.1040896e+001  5.7662522e+004  7.2707738e+004  2.0000000e+001  5.0000000e+001  1.0000000e+003
  2.0320000e+003  8.5999428e+000  8.0105641e+000  5.7516316e+004  7.2584548e+004  2.0000000e+001  5.0000000e+001  1.0000000e+003
  2.0480000e+003  8.6002280e+000  1.0938836e+001  5.7378133e+004  7.1199241e+004  2.0000000e+001  5.0000000e+001  1.0000000e+003
  2.0640000e+003  8.6285074e+000  1.3026586e+001  5.7182132e+004  7.0178497e+004  2.0000000e+001  5.0000000e+001  1.0000000e+003
  2.0800000e+003  8.6706511e+000  1.5676241e+001  5.6956375e+004  6.8697592e+004  2.0000000e+001  5.0000000e+001  1.0000000e+003
  2.0960000e+003  8.7292925e+000  1.6759183e+001  5.6694674e+004  6.7888025e+004  2.0000000e+001  5.0000000e+001  1.0000000e+003
  2.1120000e+003  8.7805490e+000  1.3890083e+001  5.6446700e+004  6.7966760e+004  2.0000000e+001  5.0000000e+001  1.0000000e+003
  2.1280000e+003  8.8143022e+000  1.2905538e+001  5.6234351e+004  6.8104133e+004  2.0000000e+001  5.0000000e+001  1.0000000e+003
  2.1440000e+003  8.8514449e+000  1.4576609e+001  5.6013651e+004  6.7233374e+004  2.0000000e+001  5.0000000e+001  1.0000000e+003
  2.1600000e+003  8.8958501e+000  1.5010239e+001  5.5776068e+004  6.6890873e+004  2.0000000e+001  5.0000000e+001  1.0000000e+003
  2.1760000e+003  8.9286082e+000  1.2396756e+001  5.5562420e+004  6.7024615e+004  2.0000000e+001  5.0000000e+001  1.0000000e+003
  2.1920000e+003  8.9522359e+000  1.3480974e+001  5.5367747e+004  6.6519004e+004  2.0000000e+001  5.0000000e+001  1.0000000e+003
  2.2080000e+003  9.0086493e+000  1.8653479e+001  5.5099894e+004  6.3728749e+004  2.0000000e+001  5.0000000e+001  1.0000000e+003
  2.2240000e+003  9.0814310e+000  1.8365688e+001  5.4793816e+004  6.3035773e+004  2.0000000e+001  5.0000000e+001  1.0000000e+003
  2.2400000e+003  9.1396145e+000  1.6559827e+001  5.4518124e+004  6.3337098e+004  2.0000000e+001  5.0000000e+001  1.0000000e+003
  2.2560000e+003  9.1823381e+000  1.0543934e+001  5.4275463e+004  6.3394479e+004  2.0000000e+001  5.0000000e+001  1.0000000e+003
  2.2720000e+003  9.1684669e+000  5.2376459e+000  5.4160075e+004  6.3210441e+004  2.0000000e+001  5.0000000e+001  1.0000000e+003
  2.2880000e+003  9.1455162e+000  8.7938601e+000  5.4065913e+004  6.2128461e+004  2.0000000e+001  5.0000000e+001  1.0000000e+003
  2.3040000e+003  9.1547332e+000  1.1467916e+001  5.3898340e+004  6.1303951e+004  2.0000000e+001  5.0000000e+001  1.0000000e+003
  2.3200000e+003  9.1596907e+000  6.7444857e+000  5.3740358e+004  6.1122289e+004  2.0000000e+001  5.0000000e+001  1.0000000e+003
  2.3360000e+003  9.1334734e+000  4.4923361e+000  5.3655073e+004  6.0866033e+004  2.0000000e+001  5.0000000e+001  1.0000000e+003
  2.3520000e+003  9.1274393e+000  1.2964070e+001  5.3523135e+004  5.8678236e+004  2.0000000e+001  5.0000000e+001  1.0000000e+003
  2.3680000e+003  9.1655493e+000  1.5839697e+001  5.3286814e+004  5.7560648e+004  2.0000000e+001  5.0000000e+001  1.0000000e+003
  2.3840000e+003  9.2049880e+000  1.4279213e+001  5.3046104e+004  5.7640949e+004  2.0000000e+001  5.0000000e+001  1.0000000e+003
  2.4000000e+003  9.2370213e+000  1.3853680e+001  5.2821912e+004  5.7699605e+004  2.0000000e+001  5.0000000e+001  1.0000000e+003
  2.4160000e+003  9.2708978e+000  1.4642797e+001  5.2592240e+004  5.7344285e+004  2.0000000e+001  5.0000000e+001  1.0000000e+003
  2.4320000e+003  9.3069393e+000  1.5000651e+001  5.2356217e+004  5.7121363e+004  2.0000000e+001  5.0000000e+001  1.0000000e+003
  2.4480000e+003  9.3470356e+000  1.5704698e+001  5.2109110e+004  5.6751181e+004  2.0000000e+001  5.0000000e+001  1.0000000e+003
  2.4640000e+003  9.3900215e+000  1.7189866e+001  5.1853597e+004  5.6067060e+004  2.0000000e+001  5.0000000e+001  1.0000000e+003
  2.4800000e+003  9.4487311e+000  1.9264284e+001  5.1557698e+004  5.4963594e+004  2.0000000e+001  5.0000000e+001  1.0000000e+003
  2.4960000e+003  9.5076482e+000  1.5409192e+001  5.1259402e+004  5.4710996e+004  2.0000000e+001  5.0000000e+001  1.0000000e+003
  2.5120000e+003  9.5297553e+000  1.1540668e+001  5.1051725e+004  5.4780084e+004  2.0000000e+001  5.0000000e+001  1.0000000e+003
  2.5280000e+003  9.5401975e+000  1.1215844e+001  5.0872841e+004  5.4695757e+004  2.0000000e+001  5.0000000e+001  1.0000000e+003
  2.5440000e+003  9.5512358e+000  1.1343443e+001  5.0692105e+004  5.4596033e+004  2.0000000e+001  5.0000000e+001  1.0000000e+003
  2.5600000e+003  9.5674664e+000  1.3518374e+001  5.0497718e+004  5.3948393e+004  2.0000000e+001  5.0000000e+001  1.0000000e+003
  2.5760000e+003  9.5957702e+000  1.4486149e+001  5.0271700e+004  5.3578400e+004  2.0000000e+001  5.0000000e+001  1.0000000e+003
  2.5920000e+003  9.6298678e+000  1.5801114e+001  5.0029753e+004  5.3029658e+004  2.0000000e+001  5.0000000e+001  1.0000000e+003
  2.6080000e+003  9.6692632e+000  1.6208512e+001  4.9772892e+004  5.2468510e+004  2.0000000e+001  5.0000000e+001  1.0000000e+003
  2.6240000e+003  9.6860752e+000  9.2139537e+000  4.9574053e+004  5.2422906e+004  2.0000000e+001  5.0000000e+001  1.0000000e+003
  2.6400000e+003  9.6764455e+000  7.4344706e+000  4.9444507e+004  5.2312284e+004  2.0000000e+001  5.0000000e+001  1.0000000e+003
  2.6560000e+003  9.6693147e+000  9.0996646e+000  4.9308631e+004  5.1777566e+004  2.0000000e+001  5.0000000e+001  1.0000000e+003
  2.6720000e+003  9.6673020e+000  9.9361933e+000  4.9159302e+004  5.1362540e+004  2.0000000e+001  5.0000000e+001  1.0000000e+003
  2.6880000e+003  9.6754956e+000  1.1695049e+001  4.8982592e+004  5.0727300e+004  2.0000000e+001  5.0000000e+001  1.0000000e+003
  2.7040000e+003  9.6855280e+000  7.8753609e+000  4.8800647e+004  5.0437577e+004  2.0000000e+001  5.0000000e+001  1.0000000e+003
  2.7200000e+003  9.6515876e+000  1.5719188e+000  4.8738030e+004  5.0206035e+004  2.0000000e+001  5.0000000e+001  1.0000000e+003
  2.7360000e+003  9.6107947e+000  9.5537008e+000  4.8695255e+004  4.8878115e+004  2.0000000e+001  5.0000000e+001  1.0000000e+003
  2.7520000e+003  9.6406971e+000  1.7832666e+001  4.8459161e+004  4.6501597e+004  2.0000000e+001  5.0000000e+001  1.0000000e+003
  2.7680000e+003  9.6849300e+000  1.3947325e+001  4.8182429e+004  4.5970248e+004  2.0000000e+001  5.0000000e+001  1.0000000e+003
  2.7840000e+003  9.6980982e+000  1.0809459e+001  4.7990797e+004  4.5986877e+004  2.0000000e+001  5.0000000e+001  1.0000000e+003
  2.8000000e+003  9.7154919e+000  1.6523445e+001  4.7786907e+004  4.4492833e+004  2.0000000e+001  5.0000000e+001  1.0000000e+003
  2.8160000e+003  9.7638371e+000  1.9236382e+001  4.7495271e+004  4.3293958e+004  2.0000000e+001  5.0000000e+001  1.0000000e+003
  2.8320000e+003  9.8047470e+000  1.4101636e+001  4.7223152e+004  4.3191743e+004  2.0000000e+001  5.0000000e+001  1.0000000e+003
  2.8480000e+003  9.8225898e+000  1.2318368e+001  4.7015442e+004  4.3200493e+004  2.0000000e+001  5.0000000e+001  1.0000000e+003
  2.8640000e+003  9.8537700e+000  1.8073564e+001  4.6768949e+004  4.1623020e+004  2.0000000e+001  5.0000000e+001  1.0000000e+003
  2.8800000e+003  9.9045661e+000  1.9549130e+001  4.6464945e+004  4.0773587e+004  2.0000000e+001  5.0000000e+001  1.0000000e+003
  2.8960000e+003  9.9588655e+000  1.9846958e+001  4.6149167e+004  4.0204706e+004  2.0000000e+001  5.0000000e+001  1.0000000e+003
  2.9120000e+003  1.0013178e+001  1.9255629e+001  4.5831613e+004  3.9774019e+004  2.0000000e+001  5.0000000e+001  1.0000000e+003
  2.9280000e+003  1.0056296e+001  1.7113992e+001  4.5545110e+004  3.9818749e+004  2.0000000e+001  5.0000000e+001  1.0000000e+003
  2.9440000e+003  1.0093996e+001  1.7835997e+001  4.5273182e+004  3.9308822e+004  2.0000000e+001  5.0000000e+001  1.0000000e+003
  2.9600000e+003  1.0141357e+001  1.8286605e+001  4.4971443e+004  3.8472013e+004  2.0000000e+001  5.0000000e+001  1.0000000e+003
  2.9760000e+003  1.0134031e+001  3.5241111e+000  4.4830991e+004  3.8405723e+004  2.0000000e+001  5.0000000e+001  1.0000000e+003
  2.9920000e+003  1.0089199e+001  6.9516898e-001  4.4803026e+004  3.8196618e+004  2.0000000e+001  5.0000000e+001  1.0000000e+003
  3.0080000e+003  1.0037340e+001  1.2370463e-001  4.4797645e+004  3.7959953e+004  2.0000000e+001  5.0000000e+001  1.0000000e+003
  3.0240000e+003  9.9845206e+000  8.3151452e-003  4.4796825e+004  3.7719170e+004  2.0000000e+001  5.0000000e+001  1.0000000e+003
  3.0400000e+003  9.9319655e+000 -1.1951802e-002  4.4796893e+004  3.7479327e+004  2.0000000e+001  5.0000000e+001  1.0000000e+003
  3.0560000e+003  9.8799047e+000 -1.6655488e-002  4.4797131e+004  3.7241046e+004  2.0000000e+001  5.0000000e+001  1.0000000e+003
  3.0720000e+003  9.8283738e+000 -1.7605144e-002  4.4797407e+004  3.7004406e+004  2.0000000e+001  5.0000000e+001  1.0000000e+003
  3.0880000e+003  9.7773743e+000 -1.7796877e-002  4.4797691e+004  3.6769414e+004  2.0000000e+001  5.0000000e+001  1.0000000e+003
  3.1040000e+003  9.7268998e+000 -1.7835587e-002  4.4797976e+004  3.6536058e+004  2.0000000e+001  5.0000000e+001  1.0000000e+003
  3.1200000e+003  9.6769428e+000 -1.7843402e-002  4.4798262e+004  3.6304321e+004  2.0000000e+001  5.0000000e+001  1.0000000e+003
  3.1360000e+003  9.6274954e+000 -1.7844980e-002  4.4798547e+004  3.6074188e+004  2.0000000e+001  5.0000000e+001  1.0000000e+003
  3.1520000e+003  9.5785498e+000 -1.7845299e-002  4.4798833e+004  3.5845642e+004  2.0000000e+001  5.0000000e+001  1.0000000e+003
  3.1680000e+003  9.5300984e+000 -1.7845363e-002  4.4799118e+004  3.5618666e+004  2.0000000e+001  5.0000000e+001  1.0000000e+003
  3.1840000e+003  9.4821339e+000 -1.7845376e-002  4.4799404e+004  3.5393245e+004  2.0000000e+001  5.0000000e+001  1.0000000e+003
  3.2000000e+003  9.4346489e+000 -1.7758829e-002  4.4799689e+004  3.5169363e+004  2.0000000e+001  5.0000000e+001  1.0000000e+003
  3.2160000e+003  9.3876366e+000 -1.7747630e-002  4.4799973e+004  3.4947020e+004  2.0000000e+001  5.0000000e+001  1.0000000e+003
  3.2320000e+003  9.3410897e+000 -1.7747630e-002  4.4800257e+004  3.4726183e+004  2.0000000e+001  5.0000000e+001  1.0000000e+003
  3.2480000e+003  9.2950013e+000 -1.7747630e-002  4.4800541e+004  3.4506838e+004  2.0000000e+001  5.0000000e+001  1.0000000e+003
  3.2640000e+003  9.2544444e+000  5.3280972e+000  4.4784239e+004  3.4099002e+004  2.0000000e+001  5.0000000e+001  1.0000000e+003
  3.2800000e+003  9.2560884e+000  1.3155987e+001  4.4630774e+004  3.3140620e+004  2.0000000e+001  5.0000000e+001  1.0000000e+003
  3.2960000e+003  9.2817035e+000  1.5350792e+001  4.4398224e+004  3.2604233e+004  2.0000000e+001  5.0000000e+001  1.0000000e+003
  3.3120000e+003  9.3185521e+000  1.8625912e+001  4.4127637e+004  3.1771496e+004  2.0000000e+001  5.0000000e+001  1.0000000e+003
  3.3280000e+003  9.3663996e+000  1.9657620e+001  4.3819256e+004  3.1220322e+004  2.0000000e+001  5.0000000e+001  1.0000000e+003
  3.3440000e+003  9.4162507e+000  1.9865874e+001  4.3502641e+004  3.0804382e+004  2.0000000e+001  5.0000000e+001  1.0000000e+003
  3.3600000e+003  9.4661217e+000  1.9907919e+001  4.3184365e+004  3.0417297e+004  2.0000000e+001  5.0000000e+001  1.0000000e+003
  3.3760000e+003  9.5156195e+000  1.9916407e+001  4.2865753e+004  3.0037057e+004  2.0000000e+001  5.0000000e+001  1.0000000e+003
  3.3920000e+003  9.5646301e+000  1.9769803e+001  4.2547210e+004  2.9708066e+004  2.0000000e+001  5.0000000e+001  1.0000000e+003
  3.4080000e+003  9.6110794e+000  1.9280040e+001  4.2235830e+004  2.9615005e+004  2.0000000e+001  5.0000000e+001  1.0000000e+003
  3.4240000e+003  9.6561210e+000  1.9443862e+001  4.1927786e+004  2.9410135e+004  2.0000000e+001  5.0000000e+001  1.0000000e+003
  3.4400000e+003  9.7027397e+000  1.9822864e+001  4.1612873e+004  2.9146057e+004  2.0000000e+001  5.0000000e+001  1.0000000e+003
  3.4560000e+003  9.7453133e+000  1.5208662e+001  4.1310452e+004  2.9092918e+004  2.0000000e+001  5.0000000e+001  1.0000000e+003
  3.4720000e+003  9.7579718e+000  1.0884111e+001  4.1110564e+004  2.9254637e+004  2.0000000e+001  5.0000000e+001  1.0000000e+003
  3.4880000e+003  9.7640455e+000  1.2627983e+001  4.0933245e+004  2.9124133e+004  1.9996111e+001  5.0000000e+001  1.0000000e+003
  3.5040000e+003  9.7813015e+000  1.4086831e+001  4.0716538e+004  2.9054273e+004  1.9987222e+001  5.0000000e+001  1.0000000e+003
  3.5200000e+003  9.8075500e+000  1.7881093e+001  4.0467616e+004  2.8567097e+004  1.9978333e+001  5.0000000e+001  1.0000000e+003
  3.5360000e+003  9.8486915e+000  1.9507315e+001  4.0165178e+004  2.8248184e+004  1.9969444e+001  5.0000000e+001  1.0000000e+003
  3.5520000e+003  9.8931147e+000  1.9835531e+001  3.9849763e+004  2.8110714e+004  1.9960556e+001  5.0000000e+001  1.0000000e+003
  3.5680000e+003  9.9378736e+000  1.9901792e+001  3.9531729e+004  2.8009676e+004  1.9951667e+001  5.0000000e+001  1.0000000e+003
  3.5840000e+003  9.9823805e+000  1.9915170e+001  3.9213166e+004  2.7914099e+004  1.9942778e+001  5.0000000e+001  1.0000000e+003
  3.6000000e+003  1.0026521e+001  1.9917871e+001  3.8894496e+004  2.7817705e+004  1.9933889e+001  5.0000000e+001  1.0000000e+003
  3.6160000e+003  1.0044161e+001  1.0601228e+001  3.8670268e+004  2.8106657e+004  1.9925000e+001  5.0000000e+001  1.0000000e+003
  3.6320000e+003  1.0042120e+001  1.1011497e+001  3.8516977e+004  2.8150638e+004  1.9916111e+001  5.0000000e+001  1.0000000e+003
  3.6480000e+003  1.0066101e+001  1.8138693e+001  3.8268796e+004  2.7250040e+004  1.9907222e+001  5.0000000e+001  1.0000000e+003
  3.6640000e+003  1.0105238e+001  1.9559292e+001  3.7964303e+004  2.6951091e+004  1.9898333e+001  5.0000000e+001  1.0000000e+003
  3.6800000e+003  1.0147114e+001  1.9846024e+001  3.7648473e+004  2.6806035e+004  1.9889444e+001  5.0000000e+001  1.0000000e+003
  3.6960000e+003  1.0187128e+001  1.7535979e+001  3.7338187e+004  2.6852223e+004  1.9880556e+001  5.0000000e+001  1.0000000e+003
  3.7120000e+003  1.0212903e+001  1.5358350e+001  3.7079493e+004  2.7115414e+004  1.9871667e+001  5.0000000e+001  1.0000000e+003
  3.7280000e+003  1.0237306e+001  1.7786034e+001  3.6825084e+004  2.6798799e+004  1.9862778e+001  5.0000000e+001  1.0000000e+003
  3.7440000e+003  1.0274124e+001  1.9488155e+001  3.6523404e+004  2.6455734e+004  1.9853889e+001  5.0000000e+001  1.0000000e+003
  3.7600000e+003  1.0314240e+001  1.9831663e+001  3.6208142e+004  2.6293429e+004  1.9845000e+001  5.0000000e+001  1.0000000e+003
  3.7760000e+003  1.0354742e+001  1.9901012e+001  3.5890139e+004  2.6167856e+004  1.9836111e+001  5.0000000e+001  1.0000000e+003
  3.7920000e+003  1.0387614e+001  1.6022762e+001  3.5599780e+004  2.6359932e+004  1.9827222e+001  5.0000000e+001  1.0000000e+003
  3.8080000e+003  1.0407871e+001  1.4728652e+001  3.5356418e+004  2.6561828e+004  1.9818333e+001  5.0000000e+001  1.0000000e+003
  3.8240000e+003  1.0409954e+001  7.7117631e+000  3.5181925e+004  2.6772142e+004  1.9809444e+001  5.0000000e+001  1.0000000e+003
  3.8400000e+003  1.0394092e+001  5.9442943e+000  3.5076294e+004  2.6956722e+004  1.9800556e+001  5.0000000e+001  1.0000000e+003
  3.8560000e+003  1.0363061e+001  1.1592859e+000  3.5029675e+004  2.7102641e+004  1.9791667e+001  5.0000000e+001  1.0000000e+003
  3.8720000e+003  1.0323149e+001  2.5446866e+000  3.5018442e+004  2.7176770e+004  1.9782778e+001  5.0000000e+001  1.0000000e+003
  3.8880000e+003  1.0310959e+001  1.0169297e+001  3.4900682e+004  2.6851271e+004  1.9773889e+001  5.0000000e+001  1.0000000e+003
  3.9040000e+003  1.0314408e+001  1.1913668e+001  3.4722238e+004  2.6789963e+004  1.9765000e+001  5.0000000e+001  1.0000000e+003
  3.9200000e+003  1.0322600e+001  1.2563707e+001  3.4525085e+004  2.6813324e+004  1.9756111e+001  5.0000000e+001  1.0000000e+003
  3.9360000e+003  1.0330549e+001  1.0917275e+001  3.4328627e+004  2.6945976e+004  1.9747222e+001  5.0000000e+001  1.0000000e+003
  3.9520000e+003  1.0328813e+001  9.3001904e+000  3.4170200e+004  2.7159475e+004  1.9738333e+001  5.0000000e+001  1.0000000e+003
  3.9680000e+003  1.0330955e+001  1.5162421e+001  3.3996440e+004  2.6628365e+004  1.9729444e+001  5.0000000e+001  1.0000000e+003
  3.9840000e+003  1.0359928e+001  1.8958981e+001  3.3715688e+004  2.6021055e+004  1.9720556e+001  5.0000000e+001  1.0000000e+003
  4.0000000e+003  1.0396239e+001  1.9724845e+001  3.3404649e+004  2.5782464e+004  1.9711667e+001  5.0000000e+001  1.0000000e+003
  4.0160000e+003  1.0433782e+001  1.9879446e+001  3.3087498e+004  2.5626772e+004  1.9702778e+001  5.0000000e+001  1.0000000e+003
  4.0320000e+003  1.0471333e+001  1.9910659e+001  3.2769113e+004  2.5486743e+004  1.9693889e+001  5.0000000e+001  1.0000000e+003
  4.0480000e+003  1.0508649e+001  1.9916960e+001  3.2450480e+004  2.5348475e+004  1.9685000e+001  5.0000000e+001  1.0000000e+003
  4.0640000e+003  1.0545684e+001  1.9918233e+001  3.2131795e+004  2.5209176e+004  1.9676111e+001  5.0000000e+001  1.0000000e+003
  4.0800000e+003  1.0582430e+001  1.9918489e+001  3.1813101e+004  2.5068301e+004  1.9667222e+001  5.0000000e+001  1.0000000e+003
  4.0960000e+003  1.0579360e+001  3.9238799e+000  3.1656363e+004  2.5269730e+004  1.9658333e+001  5.0000000e+001  1.0000000e+003
  4.1120000e+003  1.0546620e+001  4.5274092e+000  3.1621750e+004  2.5273178e+004  1.9649444e+001  5.0000000e+001  1.0000000e+003
  4.1280000e+003  1.0553617e+001  1.6865466e+001  3.1424114e+004  2.4155997e+004  1.9640556e+001  5.0000000e+001  1.0000000e+003
  4.1440000e+003  1.0583580e+001  1.8692397e+001  3.1131059e+004  2.3801432e+004  1.9631667e+001  5.0000000e+001  1.0000000e+003
  4.1600000e+003  1.0613703e+001  1.8255311e+001  3.0836380e+004  2.3784414e+004  1.9622778e+001  5.0000000e+001  1.0000000e+003
  4.1760000e+003  1.0640133e+001  1.4845640e+001  3.0556164e+004  2.3839377e+004  1.9613889e+001  5.0000000e+001  1.0000000e+003
  4.1920000e+003  1.0648776e+001  1.1755515e+001  3.0349683e+004  2.4057417e+004  1.9605000e+001  5.0000000e+001  1.0000000e+003
  4.2080000e+003  1.0646085e+001  6.1441335e+000  3.0190627e+004  2.4229750e+004  1.9596111e+001  5.0000000e+001  1.0000000e+003
  4.2240000e+003  1.0621313e+001  2.8960807e+000  3.0124953e+004  2.4373932e+004  1.9587222e+001  5.0000000e+001  1.0000000e+003
  4.2400000e+003  1.0605281e+001  1.2843098e+001  3.0023004e+004  2.3755661e+004  1.9578333e+001  5.0000000e+001  1.0000000e+003
  4.2560000e+003  1.0624571e+001  1.7451602e+001  2.9771201e+004  2.3170123e+004  1.9569444e+001  5.0000000e+001  1.0000000e+003
  4.2720000e+003  1.0653879e+001  1.9300233e+001  2.9475975e+004  2.2802749e+004  1.9560556e+001  5.0000000e+001  1.0000000e+003
  4.2880000e+003  1.0687290e+001  1.9793728e+001  2.9162213e+004  2.2586850e+004  1.9551667e+001  5.0000000e+001  1.0000000e+003
  4.3040000e+003  1.0721368e+001  1.9893353e+001  2.8844513e+004  2.2420728e+004  1.9542778e+001  5.0000000e+001  1.0000000e+003
  4.3200000e+003  1.0755377e+001  1.9913466e+001  2.8526017e+004  2.2263606e+004  1.9533889e+001  5.0000000e+001  1.0000000e+003
  4.3360000e+003  1.0789172e+001  1.9917527e+001  2.8207361e+004  2.2107136e+004  1.9525000e+001  5.0000000e+001  1.0000000e+003
  4.3520000e+003  1.0822586e+001  1.9254280e+001  2.7889285e+004  2.1996191e+004  1.9516111e+001  5.0000000e+001  1.0000000e+003
  4.3680000e+003  1.0848400e+001  1.7059236e+001  2.7603342e+004  2.2178187e+004  1.9507222e+001  5.0000000e+001  1.0000000e+003
  4.3840000e+003  1.0870615e+001  1.7792749e+001  2.7332351e+004  2.2027701e+004  1.9498333e+001  5.0000000e+001  1.0000000e+003
  4.4000000e+003  1.0899660e+001  1.9490124e+001  2.7030597e+004  2.1656490e+004  1.9489444e+001  5.0000000e+001  1.0000000e+003
  4.4160000e+003  1.0926794e+001  1.3454120e+001  2.6736351e+004  2.1602372e+004  1.9480556e+001  5.0000000e+001  1.0000000e+003
  4.4320000e+003  1.0922688e+001  7.6179087e+000  2.6579724e+004  2.1775974e+004  1.9471667e+001  5.0000000e+001  1.0000000e+003
  4.4480000e+003  1.0916060e+001  1.4171928e+001  2.6434447e+004  2.1247593e+004  1.9462778e+001  5.0000000e+001  1.0000000e+003
  4.4640000e+003  1.0938053e+001  1.8759311e+001  2.6161594e+004  2.0588659e+004  1.9453889e+001  5.0000000e+001  1.0000000e+003
  4.4800000e+003  1.0968054e+001  1.9684544e+001  2.5852148e+004  2.0309994e+004  1.9445000e+001  5.0000000e+001  1.0000000e+003
  4.4960000e+003  1.0999484e+001  1.9871310e+001  2.5535319e+004  2.0120373e+004  1.9436111e+001  5.0000000e+001  1.0000000e+003
  4.5120000e+003  1.1027159e+001  1.7503272e+001  2.5234429e+004  2.0228466e+004  1.9427222e+001  5.0000000e+001  1.0000000e+003
  4.5280000e+003  1.1047772e+001  1.3859615e+001  2.4964642e+004  2.0273255e+004  1.9418333e+001  5.0000000e+001  1.0000000e+003
  4.5440000e+003  1.1032880e+001  2.7461038e+000  2.4855560e+004  2.0418442e+004  1.9409444e+001  5.0000000e+001  1.0000000e+003
  4.5600000e+003  1.0998954e+001  5.4137971e-001  2.4833772e+004  2.0528638e+004  1.9400556e+001  5.0000000e+001  1.0000000e+003
  4.5760000e+003  1.0961419e+001  9.6052518e-002  2.4829585e+004  2.0631793e+004  1.9391667e+001  5.0000000e+001  1.0000000e+003
  4.5920000e+003  1.0923372e+001  6.1342000e-003  2.4828951e+004  2.0733774e+004  1.9382778e+001  5.0000000e+001  1.0000000e+003
  4.6080000e+003  1.0885441e+001 -8.7944603e-003  2.4829002e+004  2.0835902e+004  1.9373889e+001  5.0000000e+001  1.0000000e+003
  4.6240000e+003  1.0847745e+001 -1.2459895e-002  2.4829179e+004  2.0938307e+004  1.9365000e+001  5.0000000e+001  1.0000000e+003
  4.6400000e+003  1.0810303e+001 -1.3199919e-002  2.4829386e+004  2.1041000e+004  1.9356111e+001  5.0000000e+001  1.0000000e+003
  4.6560000e+003  1.0773116e+001 -1.3349328e-002  2.4829599e+004  2.1143988e+004  1.9347222e+001  5.0000000e+001  1.0000000e+003
  4.6720000e+003  1.0736184e+001 -1.3379493e-002  2.4829813e+004  2.1247274e+004  1.9338333e+001  5.0000000e+001  1.0000000e+003
  4.6880000e+003  1.0699504e+001 -1.3385583e-002  2.4830027e+004  2.1350859e+004  1.9329444e+001  5.0000000e+001  1.0000000e+003
  4.7040000e+003  1.0663073e+001 -1.3386813e-002  2.4830241e+004  2.1454745e+004  1.9320556e+001  5.0000000e+001  1.0000000e+003
  4.7200000e+003  1.0626889e+001 -1.3387061e-002  2.4830455e+004  2.1558932e+004  1.9311667e+001  5.0000000e+001  1.0000000e+003
  4.7360000e+003  1.0590950e+001 -1.3387111e-002  2.4830669e+004  2.1663423e+004  1.9302778e+001  5.0000000e+001  1.0000000e+003
  4.7520000e+003  1.0555253e+001 -1.3387122e-002  2.4830883e+004  2.1768219e+004  1.9293889e+001  5.0000000e+001  1.0000000e+003
  4.7680000e+003  1.0519795e+001 -1.3280144e-002  2.4831097e+004  2.1873321e+004  1.9285000e+001  5.0000000e+001  1.0000000e+003
  4.7840000e+003  1.0484575e+001 -1.3275891e-002  2.4831310e+004  2.1978735e+004  1.9276111e+001  5.0000000e+001  1.0000000e+003
  4.8000000e+003  1.0449589e+001 -1.3275891e-002  2.4831522e+004  2.2084459e+004  1.9267222e+001  5.0000000e+001  1.0000000e+003
  4.8160000e+003  1.0414836e+001 -1.3275891e-002  2.4831735e+004  2.2190492e+004  1.9258333e+001  5.0000000e+001  1.0000000e+003
  4.8320000e+003  1.0384702e+001  7.0563693e+000  2.4810735e+004  2.2066667e+004  1.9249444e+001  5.0000000e+001  1.0000000e+003
  4.8480000e+003  1.0395096e+001  1.7339471e+001  2.4594180e+004  2.1116971e+004  1.9240556e+001  5.0000000e+001  1.0000000e+003
  4.8640000e+003  1.0421025e+001  1.6704818e+001  2.4301713e+004  2.0858603e+004  1.9231667e+001  5.0000000e+001  1.0000000e+003
  4.8800000e+003  1.0434023e+001  1.3015490e+001  2.4071531e+004  2.1056789e+004  1.9222778e+001  5.0000000e+001  1.0000000e+003
  4.8960000e+003  1.0442529e+001  1.4636381e+001  2.3862936e+004  2.0939268e+004  1.9213889e+001  5.0000000e+001  1.0000000e+003
  4.9120000e+003  1.0460347e+001  1.6670012e+001  2.3608316e+004  2.0689456e+004  1.9205000e+001  5.0000000e+001  1.0000000e+003
  4.9280000e+003  1.0476095e+001  1.1416089e+001  2.3363328e+004  2.0730805e+004  1.9196111e+001  5.0000000e+001  1.0000000e+003
  4.9440000e+003  1.0472102e+001  7.9534957e+000  2.3215457e+004  2.0893914e+004  1.9187222e+001  5.0000000e+001  1.0000000e+003
  4.9600000e+003  1.0472307e+001  1.5484044e+001  2.3046885e+004  2.0288912e+004  1.9178333e+001  5.0000000e+001  1.0000000e+003
  4.9760000e+003  1.0495566e+001  1.9023886e+001  2.2763568e+004  1.9766560e+004  1.9169444e+001  5.0000000e+001  1.0000000e+003
  4.9920000e+003  1.0516303e+001  1.4204074e+001  2.2492101e+004  1.9842307e+004  1.9160556e+001  5.0000000e+001  1.0000000e+003
  5.0080000e+003  1.0524672e+001  1.2503838e+001  2.2281917e+004  2.0008550e+004  1.9151667e+001  5.0000000e+001  1.0000000e+003
  5.0240000e+003  1.0540564e+001  1.8116495e+001  2.2033667e+004  1.9369590e+004  1.9142778e+001  5.0000000e+001  1.0000000e+003
  5.0400000e+003  1.0567477e+001  1.9554881e+001  2.1729350e+004  1.9052694e+004  1.9133889e+001  5.0000000e+001  1.0000000e+003
  5.0560000e+003  1.0596489e+001  1.9845196e+001  2.1413555e+004  1.8861372e+004  1.9125000e+001  5.0000000e+001  1.0000000e+003
  5.0720000e+003  1.0625659e+001  1.9267829e+001  2.1096031e+004  1.8737799e+004  1.9116111e+001  5.0000000e+001  1.0000000e+003
  5.0880000e+003  1.0648691e+001  1.7177676e+001  2.0808813e+004  1.8856063e+004  1.9107222e+001  5.0000000e+001  1.0000000e+003
  5.1040000e+003  1.0668791e+001  1.7882488e+001  2.0535820e+004  1.8564462e+004  1.9098333e+001  5.0000000e+001  1.0000000e+003
  5.1200000e+003  1.0694522e+001  1.9508273e+001  2.0233351e+004  1.8080552e+004  1.9089444e+001  5.0000000e+001  1.0000000e+003
  5.1360000e+003  1.0721284e+001  1.7766243e+001  1.9924764e+004  1.7877003e+004  1.9080556e+001  5.0000000e+001  1.0000000e+003
  5.1520000e+003  1.0739551e+001  1.5916393e+001  1.9659093e+004  1.7878326e+004  1.9071667e+001  5.0000000e+001  1.0000000e+003
  5.1680000e+003  1.0754674e+001  1.5344277e+001  1.9409090e+004  1.7784466e+004  1.9062778e+001  5.0000000e+001  1.0000000e+003
  5.1840000e+003  1.0768450e+001  1.5144706e+001  1.9165586e+004  1.7657827e+004  1.9053889e+001  5.0000000e+001  1.0000000e+003
  5.2000000e+003  1.0785331e+001  1.8197044e+001  1.8905496e+004  1.7124980e+004  1.9045000e+001  5.0000000e+001  1.0000000e+003
  5.2160000e+003  1.0810713e+001  1.9573577e+001  1.8600512e+004  1.6681293e+004  1.9036111e+001  5.0000000e+001  1.0000000e+003
  5.2320000e+003  1.0836408e+001  1.8673622e+001  1.8293077e+004  1.6523028e+004  1.9027222e+001  5.0000000e+001  1.0000000e+003
  5.2480000e+003  1.0859654e+001  1.8337526e+001  1.7997676e+004  1.6324557e+004  1.9018333e+001  5.0000000e+001  1.0000000e+003
  5.2640000e+003  1.0871274e+001  1.1601598e+001  1.7762742e+004  1.6315185e+004  1.9009444e+001  5.0000000e+001  1.0000000e+003
  5.2800000e+003  1.0870241e+001  9.8956386e+000  1.7594256e+004  1.6316232e+004  1.9000556e+001  5.0000000e+001  1.0000000e+003
  5.2960000e+003  1.0882728e+001  1.7947794e+001  1.7354192e+004  1.5393732e+004  1.8991667e+001  5.0000000e+001  1.0000000e+003
  5.3120000e+003  1.0906643e+001  1.7563248e+001  1.7053007e+004  1.4986316e+004  1.8982778e+001  5.0000000e+001  1.0000000e+003
  5.3280000e+003  1.0914964e+001  1.1396348e+001  1.6834154e+004  1.5000282e+004  1.8973889e+001  5.0000000e+001  1.0000000e+003
  5.3440000e+003  1.0915443e+001  1.3627768e+001  1.6656958e+004  1.4717102e+004  1.8965000e+001  5.0000000e+001  1.0000000e+003
  5.3600000e+003  1.0932968e+001  1.8653976e+001  1.6388359e+004  1.3976046e+004  1.8956111e+001  5.0000000e+001  1.0000000e+003
  5.3760000e+003  1.0955412e+001  1.5729016e+001  1.6092749e+004  1.3719644e+004  1.8947222e+001  5.0000000e+001  1.0000000e+003
  5.3920000e+003  1.0963171e+001  1.2292001e+001  1.5875619e+004  1.3728631e+004  1.8938333e+001  5.0000000e+001  1.0000000e+003
  5.4080000e+003  1.0967758e+001  1.3903143e+001  1.5675397e+004  1.3484057e+004  1.8929444e+001  5.0000000e+001  1.0000000e+003
  5.4240000e+003  1.0978823e+001  1.5203208e+001  1.5439883e+004  1.3217538e+004  1.8920556e+001  5.0000000e+001  1.0000000e+003
  5.4400000e+003  1.0994769e+001  1.8277795e+001  1.5177463e+004  1.2701365e+004  1.8911667e+001  5.0000000e+001  1.0000000e+003
  5.4560000e+003  1.1018525e+001  1.9581018e+001  1.4871910e+004  1.2259596e+004  1.8902778e+001  5.0000000e+001  1.0000000e+003
  5.4720000e+003  1.1044043e+001  1.9845594e+001  1.4555955e+004  1.1903900e+004  1.8893889e+001  5.0000000e+001  1.0000000e+003
  5.4880000e+003  1.1069796e+001  1.9899008e+001  1.4237889e+004  1.1569310e+004  1.8885000e+001  5.0000000e+001  1.0000000e+003
  5.5040000e+003  1.1089968e+001  1.6410865e+001  1.3949724e+004  1.1535379e+004  1.8876111e+001  5.0000000e+001  1.0000000e+003
  5.5200000e+003  1.1103778e+001  1.5525678e+001  1.3696043e+004  1.1435574e+004  1.8867222e+001  5.0000000e+001  1.0000000e+003
  5.5360000e+003  1.1123014e+001  1.9048540e+001  1.3411873e+004  1.0804866e+004  1.8858333e+001  5.0000000e+001  1.0000000e+003
  5.5520000e+003  1.1146978e+001  1.9019247e+001  1.3100832e+004  1.0452269e+004  1.8849444e+001  5.0000000e+001  1.0000000e+003
  5.5680000e+003  1.1165547e+001  1.6782982e+001  1.2819068e+004  1.0415879e+004  1.8840556e+001  5.0000000e+001  1.0000000e+003
  5.5840000e+003  1.1181071e+001  1.6965418e+001  1.2553718e+004  1.0185605e+004  1.8831667e+001  5.0000000e+001  1.0000000e+003
  5.6000000e+003  1.1199156e+001  1.7834660e+001  1.2273530e+004  9.8518882e+003  1.8822778e+001  5.0000000e+001  1.0000000e+003
  5.6160000e+003  1.1215829e+001  1.3693833e+001  1.2000690e+004  9.6779398e+003  1.8813889e+001  5.0000000e+001  1.0000000e+003
  5.6320000e+003  1.1215807e+001  9.7356082e+000  1.1821358e+004  9.6665834e+003  1.8805000e+001  5.0000000e+001  1.0000000e+003
  5.6480000e+003  1.1213902e+001  1.3525419e+001  1.1652666e+004  9.2975790e+003  1.8796111e+001  5.0000000e+001  1.0000000e+003
  5.6640000e+003  1.1225227e+001  1.6229070e+001  1.1409090e+004  8.8754791e+003  1.8787222e+001  5.0000000e+001  1.0000000e+003
  5.6800000e+003  1.1242273e+001  1.8696457e+001  1.1132645e+004  8.3805695e+003  1.8778333e+001  5.0000000e+001  1.0000000e+003
  5.6960000e+003  1.1252325e+001  1.1928441e+001  1.0895505e+004  8.3161596e+003  1.8769444e+001  5.0000000e+001  1.0000000e+003
  5.7120000e+003  1.1251464e+001  1.0361977e+001  1.0720388e+004  8.2939706e+003  1.8760556e+001  5.0000000e+001  1.0000000e+003
  5.7280000e+003  1.1248425e+001  1.0045595e+001  1.0557775e+004  8.2279890e+003  1.8751667e+001  5.0000000e+001  1.0000000e+003
  5.7440000e+003  1.1242592e+001  8.4102279e+000  1.0411307e+004  8.2006580e+003  1.8742778e+001  5.0000000e+001  1.0000000e+003
  5.7600000e+003  1.1234009e+001  7.9988646e+000  1.0280877e+004  8.1548222e+003  1.8733889e+001  5.0000000e+001  1.0000000e+003
  5.7760000e+003  1.1227823e+001  9.5780313e+000  1.0136868e+004  7.9969720e+003  1.8725000e+001  5.0000000e+001  1.0000000e+003
  5.7920000e+003  1.1223802e+001  9.8873190e+000  9.9805123e+003  7.8972539e+003  1.8716111e+001  5.0000000e+001  1.0000000e+003
  5.8080000e+003  1.1220229e+001  9.9497586e+000  9.8216878e+003  7.8099657e+003  1.8707222e+001  5.0000000e+001  1.0000000e+003
  5.8240000e+003  1.1216761e+001  9.9623648e+000  9.6623650e+003  7.7250695e+003  1.8698333e+001  5.0000000e+001  1.0000000e+003
  5.8400000e+003  1.1213330e+001  9.9649099e+000  9.5029416e+003  7.6404890e+003  1.8689444e+001  5.0000000e+001  1.0000000e+003
  5.8560000e+003  1.1209054e+001  8.4311036e+000  9.3485719e+003  7.5797258e+003  1.8680556e+001  5.0000000e+001  1.0000000e+003
  5.8720000e+003  1.1199058e+001  7.0124446e+000  9.2279297e+003  7.5545557e+003  1.8671667e+001  5.0000000e+001  1.0000000e+003
  5.8880000e+003  1.1188635e+001  8.5837545e+000  9.1101272e+003  7.4178175e+003  1.8662778e+001  5.0000000e+001  1.0000000e+003
  5.9040000e+003  1.1183454e+001  9.6866506e+000  8.9617048e+003  7.2795689e+003  1.8653889e+001  5.0000000e+001  1.0000000e+003
  5.9200000e+003  1.1179787e+001  9.9092466e+000  8.8044818e+003  7.1828047e+003  1.8645000e+001  5.0000000e+001  1.0000000e+003
  5.9360000e+003  1.1176439e+001  9.9541856e+000  8.6454823e+003  7.0949311e+003  1.8636111e+001  5.0000000e+001  1.0000000e+003
  5.9520000e+003  1.1171991e+001  8.9949086e+000  8.4931397e+003  7.0533339e+003  1.8627222e+001  5.0000000e+001  1.0000000e+003
  5.9680000e+003  1.1165615e+001  8.6742134e+000  8.3524433e+003  6.9964424e+003  1.8618333e+001  5.0000000e+001  1.0000000e+003
  5.9840000e+003  1.1160355e+001  9.6511817e+000  8.2052769e+003  6.8648969e+003  1.8609444e+001  5.0000000e+001  1.0000000e+003
  6.0000000e+003  1.1156751e+001  9.9020862e+000  8.0483370e+003  6.7657791e+003  1.8600556e+001  5.0000000e+001  1.0000000e+003
  6.0160000e+003  1.1153499e+001  9.9527400e+000  7.8893946e+003  6.6766518e+003  1.8591667e+001  5.0000000e+001  1.0000000e+003
  6.0320000e+003  1.1150332e+001  9.9629667e+000  7.7300481e+003  6.5894142e+003  1.8582778e+001  5.0000000e+001  1.0000000e+003
  6.0480000e+003  1.1147195e+001  9.9650314e+000  7.5706198e+003  6.5023985e+003  1.8573889e+001  5.0000000e+001  1.0000000e+003
  6.0640000e+003  1.1144077e+001  9.9654483e+000  7.4111751e+003  6.4152678e+003  1.8565000e+001  5.0000000e+001  1.0000000e+003
  6.0800000e+003  1.1140976e+001  9.9655325e+000  7.2517271e+003  6.3279544e+003  1.8556111e+001  5.0000000e+001  1.0000000e+003
  6.0960000e+003  1.1137891e+001  9.9655495e+000  7.0922784e+003  6.2404456e+003  1.8547222e+001  5.0000000e+001  1.0000000e+003
  6.1120000e+003  1.1134823e+001  9.9655529e+000  6.9328296e+003  6.1527393e+003  1.8538333e+001  5.0000000e+001  1.0000000e+003
  6.1280000e+003  1.1131770e+001  9.9655536e+000  6.7733808e+003  6.0648358e+003  1.8529444e+001  5.0000000e+001  1.0000000e+003
  6.1440000e+003  1.1128734e+001  9.9655537e+000  6.6139319e+003  5.9767358e+003  1.8520556e+001  5.0000000e+001  1.0000000e+003
  6.1600000e+003  1.1125713e+001  9.9655538e+000  6.4544830e+003  5.8884401e+003  1.8511667e+001  5.0000000e+001  1.0000000e+003
  6.1760000e+003  1.1122708e+001  9.9655538e+000  6.2950342e+003  5.7999495e+003  1.8502778e+001  5.0000000e+001  1.0000000e+003
  6.1920000e+003  1.1119718e+001  9.9655538e+000  6.1355853e+003  5.7112648e+003  1.8493889e+001  5.0000000e+001  1.0000000e+003
  6.2080000e+003  1.1116744e+001  9.9655538e+000  5.9761365e+003  5.6223868e+003  1.8485000e+001  5.0000000e+001  1.0000000e+003
  6.2240000e+003  1.1113785e+001  9.9655538e+000  5.8166876e+003  5.5333162e+003  1.8476111e+001  5.0000000e+001  1.0000000e+003
  6.2400000e+003  1.1110841e+001  9.9655538e+000  5.6572387e+003  5.4440539e+003  1.8467222e+001  5.0000000e+001  1.0000000e+003
  6.2560000e+003  1.1107913e+001  9.9655538e+000  5.4977899e+003  5.3546006e+003  1.8458333e+001  5.0000000e+001  1.0000000e+003
  6.2720000e+003  1.1104800e+001  8.6158887e+000  5.3395876e+003  5.2729236e+003  1.8449444e+001  5.0000000e+001  1.0000000e+003
  6.2880000e+003  1.1091305e+001  4.1460906e+000  5.2467835e+003  5.2425999e+003  1.8440556e+001  5.0000000e+001  1.0000000e+003
  6.3040000e+003  1.1073047e+001  5.6384678e+000  5.1844391e+003  5.1391479e+003  1.8431667e+001  5.0000000e+001  1.0000000e+003
  6.3200000e+003  1.1064789e+001  9.0938645e+000  5.0594697e+003  4.9166887e+003  1.8422778e+001  5.0000000e+001  1.0000000e+003
  6.3360000e+003  1.1060209e+001  8.4359301e+000  4.9114539e+003  4.8231681e+003  1.8413889e+001  5.0000000e+001  1.0000000e+003
  6.3520000e+003  1.1051843e+001  7.3248748e+000  4.7876440e+003  4.7907706e+003  1.8405000e+001  5.0000000e+001  1.0000000e+003
  6.3680000e+003  1.1043301e+001  8.7393667e+000  4.6652180e+003  4.6549714e+003  1.8396111e+001  5.0000000e+001  1.0000000e+003
  6.3840000e+003  1.1039068e+001  9.7180533e+000  4.5155539e+003  4.5182553e+003  1.8387222e+001  5.0000000e+001  1.0000000e+003
  6.4000000e+003  1.1034470e+001  8.1667691e+000  4.3683579e+003  4.4608617e+003  1.8378333e+001  5.0000000e+001  1.0000000e+003
  6.4160000e+003  1.1026155e+001  7.4226361e+000  4.2451660e+003  4.4221959e+003  1.8369444e+001  5.0000000e+001  1.0000000e+003
  6.4320000e+003  1.1016324e+001  6.7096889e+000  4.1319900e+003  4.3825233e+003  1.8360556e+001  5.0000000e+001  1.0000000e+003
  6.4480000e+003  1.1005300e+001  6.4919352e+000  4.0268228e+003  4.3304685e+003  1.8351667e+001  5.0000000e+001  1.0000000e+003
  6.4640000e+003  1.0991107e+001  4.2437301e+000  3.9424963e+003  4.2953159e+003  1.8342778e+001  5.0000000e+001  1.0000000e+003
  6.4800000e+003  1.0973568e+001  3.6758152e+000  3.8803026e+003  4.2590533e+003  1.8333889e+001  5.0000000e+001  1.0000000e+003
  6.4960000e+003  1.0960541e+001  6.8418358e+000  3.7893626e+003  4.1026432e+003  1.8325000e+001  5.0000000e+001  1.0000000e+003
  6.5120000e+003  1.0951445e+001  7.9188091e+000  3.6732396e+003  3.9902105e+003  1.8316111e+001  5.0000000e+001  1.0000000e+003
  6.5280000e+003  1.0946539e+001  9.5548977e+000  3.5300480e+003  3.8258020e+003  1.8307222e+001  5.0000000e+001  1.0000000e+003
  6.5440000e+003  1.0943640e+001  9.8826490e+000  3.3738765e+003  3.7179641e+003  1.8298333e+001  5.0000000e+001  1.0000000e+003
  6.5600000e+003  1.0941154e+001  9.9488158e+000  3.2150893e+003  3.6227399e+003  1.8289444e+001  5.0000000e+001  1.0000000e+003
  6.5760000e+003  1.0938760e+001  9.9621744e+000  3.0557740e+003  3.5299766e+003  1.8280556e+001  5.0000000e+001  1.0000000e+003
  6.5920000e+003  1.0936394e+001  9.9648715e+000  2.8963521e+003  3.4375701e+003  1.8271667e+001  5.0000000e+001  1.0000000e+003
  6.6080000e+003  1.0934043e+001  9.9654160e+000  2.7369087e+003  3.3450941e+003  1.8262778e+001  5.0000000e+001  1.0000000e+003
  6.6240000e+003  1.0931704e+001  9.9655259e+000  2.5774609e+003  3.2524630e+003  1.8253889e+001  5.0000000e+001  1.0000000e+003
  6.6400000e+003  1.0925077e+001  5.1066660e+000  2.4465624e+003  3.1979471e+003  1.8245000e+001  5.0000000e+001  1.0000000e+003
  6.6560000e+003  1.0907802e+001  2.9263617e+000  2.3867602e+003  3.1639546e+003  1.8236111e+001  5.0000000e+001  1.0000000e+003
  6.6720000e+003  1.0891832e+001  6.0131766e+000  2.3188074e+003  3.0292904e+003  1.8227222e+001  5.0000000e+001  1.0000000e+003
  6.6880000e+003  1.0881792e+001  7.0980720e+000  2.2116954e+003  2.9253184e+003  1.8218333e+001  5.0000000e+001  1.0000000e+003
  6.7040000e+003  1.0875636e+001  9.2853982e+000  2.0788637e+003  2.7447873e+003  1.8209444e+001  5.0000000e+001  1.0000000e+003
  6.7200000e+003  1.0872661e+001  9.8282473e+000  1.9248429e+003  2.6256650e+003  1.8200556e+001  5.0000000e+001  1.0000000e+003
  6.7360000e+003  1.0859135e+001  2.4900189e+000  1.8420096e+003  2.5923116e+003  1.8191667e+001  5.0000000e+001  1.0000000e+003
  6.7520000e+003  1.0837408e+001  2.8551792e+000  1.8149853e+003  2.5295339e+003  1.8182778e+001  5.0000000e+001  1.0000000e+003
  6.7680000e+003  1.0827013e+001  8.5413576e+000  1.7119512e+003  2.2720050e+003  1.8173889e+001  5.0000000e+001  1.0000000e+003
  6.7840000e+003  1.0823237e+001  9.4536996e+000  1.5643384e+003  2.1680580e+003  1.8165000e+001  5.0000000e+001  1.0000000e+003
  6.8000000e+003  1.0819848e+001  9.3413309e+000  1.4142110e+003  2.2026414e+003  1.8156111e+001  5.0000000e+001  1.0000000e+003
  6.8160000e+003  1.0816492e+001  9.6211646e+000  1.2639763e+003  2.2159831e+003  1.8147222e+001  5.0000000e+001  1.0000000e+003
  6.8320000e+003  1.0814097e+001  9.8960472e+000  1.1072752e+003  2.2245604e+003  1.8138333e+001  5.0000000e+001  1.0000000e+003
  6.8480000e+003  1.0812034e+001  9.9515208e+000  9.4838110e+002  2.2437849e+003  1.8129444e+001  5.0000000e+001  1.0000000e+003
  6.8640000e+003  1.0810045e+001  9.9627205e+000  7.8904424e+002  2.2652697e+003  1.8120556e+001  5.0000000e+001  1.0000000e+003
  6.8800000e+003  1.0808078e+001  9.9649817e+000  6.2961799e+002  2.2872790e+003  1.8111667e+001  5.0000000e+001  1.0000000e+003
  6.8960000e+003  1.0806122e+001  9.9654383e+000  4.7017369e+002  2.3094596e+003  1.8102778e+001  5.0000000e+001  1.0000000e+003
  6.9120000e+003  1.0804177e+001  9.9655304e+000  3.1072575e+002  2.3317403e+003  1.8093889e+001  5.0000000e+001  1.0000000e+003
  6.9280000e+003  1.0802240e+001  9.9655491e+000  1.5127708e+002  2.3541065e+003  1.8085000e+001  5.0000000e+001  1.0000000e+003
  6.9440000e+003  1.0800313e+001  9.9655528e+000 -8.1717428e+000  2.3765554e+003  1.8076111e+001  5.0000000e+001  1.0000000e+003
  6.9600000e+003  1.0786924e+001  1.9896851e+000 -8.7778206e+001  2.4526802e+003  1.8067222e+001  5.0000000e+001  1.0000000e+003
  6.9760000e+003  1.0764444e+001  3.8849246e-001 -1.0352640e+002  2.5348537e+003  1.8058333e+001  5.0000000e+001  1.0000000e+003
  6.9920000e+003  1.0740239e+001  6.5093026e-002 -1.0649296e+002  2.6166071e+003  1.8049444e+001  5.0000000e+001  1.0000000e+003
  7.0080000e+003  1.0715777e+001  9.4369034e-004 -1.0687836e+002  2.6985104e+003  1.8040556e+001  5.0000000e+001  1.0000000e+003
  7.0240000e+003  1.0691358e+001 -9.9407830e-003 -1.0678974e+002  2.7806552e+003  1.8031667e+001  5.0000000e+001  1.0000000e+003
  7.0400000e+003  1.0667036e+001 -1.2602546e-002 -1.0660394e+002  2.8629868e+003  1.8022778e+001  5.0000000e+001  1.0000000e+003
  7.0560000e+003  1.0642822e+001 -1.3139947e-002 -1.0639690e+002  2.9454945e+003  1.8013889e+001  5.0000000e+001  1.0000000e+003
  7.0720000e+003  1.0618717e+001 -1.3248446e-002 -1.0618557e+002  3.0281770e+003  1.8005000e+001  5.0000000e+001  1.0000000e+003
  7.0880000e+003  1.0594720e+001 -1.3270352e-002 -1.0597338e+002  3.1110344e+003  1.7996111e+001  5.0000000e+001  1.0000000e+003
  7.1040000e+003  1.0570832e+001 -1.3274775e-002 -1.0576101e+002  3.1940674e+003  1.7987222e+001  5.0000000e+001  1.0000000e+003
  7.1200000e+003  1.0547051e+001 -1.3275668e-002 -1.0554860e+002  3.2772765e+003  1.7978333e+001  5.0000000e+001  1.0000000e+003
  7.1360000e+003  1.0523376e+001 -1.3275848e-002 -1.0533619e+002  3.3606621e+003  1.7969444e+001  5.0000000e+001  1.0000000e+003
  7.1520000e+003  1.0499808e+001 -1.3275884e-002 -1.0512378e+002  3.4442249e+003  1.7960556e+001  5.0000000e+001  1.0000000e+003
  7.1680000e+003  1.0476344e+001 -1.3275892e-002 -1.0491136e+002  3.5279655e+003  1.7951667e+001  5.0000000e+001  1.0000000e+003
  7.1840000e+003  1.0452985e+001 -1.3192303e-002 -1.0469897e+002  3.6118845e+003  1.7942778e+001  5.0000000e+001  1.0000000e+003
  7.2000000e+003  1.0429730e+001 -1.3148181e-002 -1.0448858e+002  3.6959862e+003  1.7933889e+001  5.0000000e+001  1.0000000e+003
  7.2160000e+003  1.0406579e+001 -1.3148181e-002 -1.0427821e+002  3.7802674e+003  1.7925000e+001  5.0000000e+001  1.0000000e+003
  7.2320000e+003  1.0383529e+001 -1.3148181e-002 -1.0406784e+002  3.8647286e+003  1.7916111e+001  5.0000000e+001  1.0000000e+003
  7.2480000e+003  1.0360582e+001 -1.3148181e-002 -1.0385746e+002  3.9493705e+003  1.7907222e+001  5.0000000e+001  1.0000000e+003
  7.2640000e+003  1.0337735e+001 -1.3148181e-002 -1.0364709e+002  4.0341936e+003  1.7898333e+001  5.0000000e+001  1.0000000e+003
  7.2800000e+003  1.0314989e+001 -1.3148181e-002 -1.0343672e+002  4.1191985e+003  1.7889444e+001  5.0000000e+001  1.0000000e+003
  7.2960000e+003  1.0292343e+001 -1.3148181e-002 -1.0322635e+002  4.2043857e+003  1.7880556e+001  5.0000000e+001  1.0000000e+003
  7.3120000e+003  1.0269796e+001 -1.3148181e-002 -1.0301598e+002  4.2897560e+003  1.7871667e+001  5.0000000e+001  1.0000000e+003
  7.3280000e+003  1.0247347e+001 -1.3148181e-002 -1.0280561e+002  4.3753098e+003  1.7862778e+001  5.0000000e+001  1.0000000e+003
  7.3440000e+003  1.0224996e+001 -1.3148181e-002 -1.0259524e+002  4.4610477e+003  1.7853889e+001  5.0000000e+001  1.0000000e+003
  7.3600000e+003  1.0202742e+001 -1.3148181e-002 -1.0238487e+002  4.5469704e+003  1.7845000e+001  5.0000000e+001  1.0000000e+003
  7.3760000e+003  1.0180585e+001 -1.3148181e-002 -1.0217450e+002  4.6330785e+003  1.7836111e+001  5.0000000e+001  1.0000000e+003
  7.3920000e+003  1.0158523e+001 -1.3148181e-002 -1.0196413e+002  4.7193725e+003  1.7827222e+001  5.0000000e+001  1.0000000e+003
  7.4080000e+003  1.0136557e+001 -1.3148181e-002 -1.0175376e+002  4.8058531e+003  1.7818333e+001  5.0000000e+001  1.0000000e+003
  7.4240000e+003  1.0114686e+001 -1.3148181e-002 -1.0154338e+002  4.8925208e+003  1.7809444e+001  5.0000000e+001  1.0000000e+003
  7.4400000e+003  1.0092909e+001 -1.3148181e-002 -1.0133301e+002  4.9793763e+003  1.7800556e+001  5.0000000e+001  1.0000000e+003
  7.4560000e+003  1.0071225e+001 -1.3148181e-002 -1.0112264e+002  5.0664202e+003  1.7791667e+001  5.0000000e+001  1.0000000e+003
  7.4720000e+003  1.0049634e+001 -1.3148181e-002 -1.0091227e+002  5.1536531e+003  1.7782778e+001  5.0000000e+001  1.0000000e+003
  7.4880000e+003  1.0028135e+001 -1.3148181e-002 -1.0070190e+002  5.2410757e+003  1.7773889e+001  5.0000000e+001  1.0000000e+003
  7.5040000e+003  1.0006728e+001 -1.3148181e-002 -1.0049153e+002  5.3286884e+003  1.7765000e+001  5.0000000e+001  1.0000000e+003
  7.5200000e+003  9.9854117e+000 -1.3148181e-002 -1.0028116e+002  5.4164921e+003  1.7756111e+001  5.0000000e+001  1.0000000e+003
  7.5360000e+003  9.9641861e+000 -1.3148181e-002 -1.0007079e+002  5.5044872e+003  1.7747222e+001  5.0000000e+001  1.0000000e+003
  7.5520000e+003  9.9430505e+000 -1.3148181e-002 -9.9860417e+001  5.5926745e+003  1.7738333e+001  5.0000000e+001  1.0000000e+003
  7.5680000e+003  9.9220042e+000 -1.3148181e-002 -9.9650046e+001  5.6810545e+003  1.7729444e+001  5.0000000e+001  1.0000000e+003
  7.5840000e+003  9.9010468e+000 -1.3148181e-002 -9.9439675e+001  5.7696279e+003  1.7720556e+001  5.0000000e+001  1.0000000e+003
  7.6000000e+003  9.8801775e+000 -1.3148181e-002 -9.9229304e+001  5.8583953e+003  1.7711667e+001  5.0000000e+001  1.0000000e+003
  7.6160000e+003  9.8593959e+000 -1.3148181e-002 -9.9018933e+001  5.9473573e+003  1.7702778e+001  5.0000000e+001  1.0000000e+003
  7.6320000e+003  9.8387015e+000 -1.3148181e-002 -9.8808562e+001  6.0365147e+003  1.7693889e+001  5.0000000e+001  1.0000000e+003
  7.6480000e+003  9.8180936e+000 -1.3148181e-002 -9.8598192e+001  6.1258680e+003  1.7685000e+001  5.0000000e+001  1.0000000e+003
  7.6640000e+003  9.7975718e+000 -1.3148181e-002 -9.8387821e+001  6.2154180e+003  1.7676111e+001  5.0000000e+001  1.0000000e+003
  7.6800000e+003  9.7771355e+000 -1.3148181e-002 -9.8177450e+001  6.3051651e+003  1.7667222e+001  5.0000000e+001  1.0000000e+003
  7.6960000e+003  9.7567841e+000 -1.3148181e-002 -9.7967079e+001  6.3951102e+003  1.7658333e+001  5.0000000e+001  1.0000000e+003
  7.7120000e+003  9.7365171e+000 -1.3148181e-002 -9.7756708e+001  6.4852539e+003  1.7649444e+001  5.0000000e+001  1.0000000e+003
  7.7280000e+003  9.7163341e+000 -1.3148181e-002 -9.7546337e+001  6.5755967e+003  1.7640556e+001  5.0000000e+001  1.0000000e+003
  7.7440000e+003  9.6962345e+000 -1.3148181e-002 -9.7335966e+001  6.6661395e+003  1.7631667e+001  5.0000000e+001  1.0000000e+003
  7.7600000e+003  9.6762177e+000 -1.3148181e-002 -9.7125595e+001  6.7568828e+003  1.7622778e+001  5.0000000e+001  1.0000000e+003
  7.7760000e+003  9.6562833e+000 -1.3148181e-002 -9.6915224e+001  6.8478273e+003  1.7613889e+001  5.0000000e+001  1.0000000e+003
  7.7920000e+003  9.6364308e+000 -1.3148181e-002 -9.6704853e+001  6.9389737e+003  1.7605000e+001  5.0000000e+001  1.0000000e+003
  7.8080000e+003  9.6166596e+000 -1.3148181e-002 -9.6494483e+001  7.0303226e+003  1.7596111e+001  5.0000000e+001  1.0000000e+003
  7.8240000e+003  9.5969692e+000 -1.3148181e-002 -9.6284112e+001  7.1218748e+003  1.7587222e+001  5.0000000e+001  1.0000000e+003
  7.8400000e+003  9.5773592e+000 -1.3148181e-002 -9.6073741e+001  7.2136309e+003  1.7578333e+001  5.0000000e+001  1.0000000e+003
  7.8560000e+003  9.5578291e+000 -1.3148181e-002 -9.5863370e+001  7.3055917e+003  1.7569444e+001  5.0000000e+001  1.0000000e+003
  7.8720000e+003  9.5383784e+000 -1.3148181e-002 -9.5652999e+001  7.3977577e+003  1.7560556e+001  5.0000000e+001  1.0000000e+003
  7.8880000e+003  9.5190065e+000 -1.3148181e-002 -9.5442628e+001  7.4901297e+003  1.7551667e+001  5.0000000e+001  1.0000000e+003
  7.9040000e+003  9.4997131e+000 -1.3148181e-002 -9.5232257e+001  7.5827084e+003  1.7542778e+001  5.0000000e+001  1.0000000e+003
  7.9200000e+003  9.4804977e+000 -1.3148181e-002 -9.5021886e+001  7.6754944e+003  1.7533889e+001  5.0000000e+001  1.0000000e+003
  7.9360000e+003  9.4613596e+000 -1.3148181e-002 -9.4811515e+001  7.7684885e+003  1.7525000e+001  5.0000000e+001  1.0000000e+003
  7.9520000e+003  9.4422986e+000 -1.3148181e-002 -9.4601144e+001  7.8616914e+003  1.7516111e+001  5.0000000e+001  1.0000000e+003
  7.9680000e+003  9.4233142e+000 -1.3148181e-002 -9.4390774e+001  7.9551038e+003  1.7507222e+001  5.0000000e+001  1.0000000e+003
  7.9840000e+003  9.4044058e+000 -1.3148181e-002 -9.4180403e+001  8.0487263e+003  1.7498333e+001  5.0000000e+001  1.0000000e+003
  8.0000000e+003  9.3855731e+000 -1.3148181e-002 -9.3970032e+001  8.1425598e+003  1.7489444e+001  5.0000000e+001  1.0000000e+003
