  0.0000000e+000  0.0000000e+000  0.0000000e+000  4.3200000e+007  3.5000000e+003  0.0000000e+000 -2.5000000e+002
  1.6000000e+001  6.2305232e+000  1.5733844e+004  4.2932525e+007  3.5000000e+003  1.0595937e+001 -1.3713129e+004
  3.2000000e+001  8.9768331e+000  1.1796857e+004  4.2810704e+007  3.5000000e+003  1.2121100e+001  4.8971167e+003
  4.8000000e+001  9.6843221e+000  7.5652320e+003  4.2829304e+007  3.5000000e+003  1.0570871e+001 -1.1608328e+003
  6.4000000e+001  9.8633070e+000  6.3309663e+003  4.2788487e+007  3.5000000e+003  1.0529207e+001 -4.4505741e+003
  8.0000000e+001  1.0037810e+001  5.8090273e+003  4.2729469e+007  3.5000000e+003  1.0875264e+001 -3.2259950e+003
  9.6000000e+001  1.0136458e+001  4.7936374e+003  4.2735017e+007  3.5000000e+003  9.5748457e+000  3.3621411e+003
  1.1200000e+002  9.9455382e+000  4.0243955e+003  4.2745243e+007  3.5000000e+003  8.3221461e+000 -8.4797928e+002
  1.2800000e+002  9.8584586e+000  4.8846472e+003  4.2569881e+007  3.5000000e+003  1.1854624e+001 -1.6737280e+004
  1.4400000e+002  1.0239049e+001  5.6132032e+003  4.2386086e+007  3.5000000e+003  1.4168057e+001 -7.9705331e+003
  1.6000000e+002  1.0550768e+001  4.7615094e+003  4.2433397e+007  3.5000000e+003  1.1679548e+001  3.5371291e+003
  1.7600000e+002  1.0582943e+001  4.2999474e+003  4.2438909e+007  3.5000000e+003  1.0448810e+001 -1.4290594e+003
  1.9200000e+002  1.0688708e+001  5.0039957e+003  4.2234229e+007  3.5000000e+003  1.3658315e+001 -1.1693132e+004
  2.0800000e+002  1.0968963e+001  5.2854000e+003  4.2095351e+007  3.5000000e+003  1.4759000e+001 -6.8032894e+003
  2.2400000e+002  1.1122068e+001  4.5455794e+003  4.2177245e+007  3.5000000e+003  1.1701566e+001  1.0976657e+003
  2.4000000e+002  1.1127740e+001  4.3043120e+003  4.2162661e+007  3.5000000e+003  1.0914771e+001 -5.6445820e+003
  2.5600000e+002  1.1162554e+001  4.4496755e+003  4.2056433e+007  3.5000000e+003  1.2131271e+001 -4.8894983e+003
  2.7200000e+002  1.1223776e+001  4.2701224e+003  4.2034257e+007  3.5000000e+003  1.1097180e+001  1.7411087e+004
  2.8800000e+002  1.1071565e+001  3.6590919e+003  4.2142522e+007  3.5000000e+003  6.9341160e+000  1.2943566e+003
  3.0400000e+002  1.0832010e+001  3.5291015e+003  4.2123624e+007  3.5000000e+003  6.8230621e+000 -4.5020384e+003
  3.2000000e+002  1.0661435e+001  3.5132658e+003  4.2072242e+007  3.5000000e+003  7.7565628e+000 -2.3737962e+003
  3.3600000e+002  1.0554111e+001  3.7304043e+003  4.1942854e+007  3.5000000e+003  1.0490668e+001 -1.4964021e+004
  3.5200000e+002  1.0619270e+001  4.0231925e+003  4.1779813e+007  3.5000000e+003  1.2880328e+001 -6.9254010e+003
  3.6800000e+002  1.0693566e+001  3.7285779e+003  4.1824155e+007  3.5000000e+003  1.0381761e+001  5.9842945e+003
  3.8400000e+002  1.0634495e+001  3.5002090e+003  4.1852420e+007  3.5000000e+003  8.6147935e+000 -4.8531246e+002
  4.0000000e+002  1.0577182e+001  3.6182338e+003  4.1749088e+007  3.5000000e+003  1.0455867e+001 -7.2753394e+003
  4.1600000e+002  1.0594517e+001  3.6837607e+003  4.1663872e+007  3.5000000e+003  1.1368450e+001 -4.1066522e+003
  4.3200000e+002  1.0596175e+001  3.4960862e+003  4.1686195e+007  3.5000000e+003  9.6870186e+000  3.4364220e+002
  4.4800000e+002  1.0550704e+001  3.4035715e+003  4.1671796e+007  3.5000000e+003  9.1027592e+000 -1.6097048e+003
  4.6400000e+002  1.0507293e+001  3.3896432e+003  4.1623816e+007  3.5000000e+003  9.4654714e+000 -2.7037131e+003
  4.8000000e+002  1.0474696e+001  3.3594800e+003  4.1584090e+007  3.5000000e+003  9.5640746e+000  3.8304281e+003
  4.9600000e+002  1.0389663e+001  3.1374941e+003  4.1640665e+007  3.5000000e+003  6.8338749e+000  3.3973498e+002
  5.1200000e+002  1.0268343e+001  3.0566710e+003  4.1631928e+007  3.5000000e+003  6.3413297e+000 -1.3679546e+003
  5.2800000e+002  1.0150247e+001  3.0046745e+003  4.1610527e+007  3.5000000e+003  6.3765894e+000 -1.3080260e+003
  5.4400000e+002  1.0048013e+001  3.0792652e+003  4.1521800e+007  3.5000000e+003  8.5723646e+000 -1.6109219e+004
  5.6000000e+002  1.0065705e+001  3.3062561e+003  4.1345190e+007  3.5000000e+003  1.1906962e+001 -7.1473008e+003
  5.7600000e+002  1.0120748e+001  3.2584389e+003  4.1319881e+007  3.5000000e+003  1.1233224e+001  2.9298852e+003
  5.9200000e+002  1.0131985e+001  3.1664286e+003  4.1322308e+007  3.5000000e+003  1.0125061e+001 -1.3958131e+003
  6.0800000e+002  1.0119168e+001  3.0609941e+003  4.1335855e+007  3.5000000e+003  8.7080923e+000  1.3168168e+003
  6.2400000e+002  1.0070323e+001  2.9884975e+003  4.1332189e+007  3.5000000e+003  7.9167436e+000 -1.0945954e+003
  6.4000000e+002  1.0014623e+001  2.9511012e+003  4.1308344e+007  3.5000000e+003  7.8180185e+000 -1.6509285e+003
  6.5600000e+002  9.9610537e+000  2.9196393e+003  4.1281797e+007  3.5000000e+003  7.8131219e+000 -1.6640989e+003
  6.7200000e+002  9.9448484e+000  3.0802919e+003  4.1126964e+007  3.5000000e+003  1.1051521e+001 -8.6337960e+003
  6.8800000e+002  9.9862680e+000  3.1529579e+003  4.1027612e+007  3.5000000e+003  1.2129494e+001 -4.6830688e+003
  7.0400000e+002  1.0013852e+001  3.0434865e+003  4.1054342e+007  3.5000000e+003  1.0381999e+001 -3.3847877e+002
  7.2000000e+002  1.0015691e+001  3.0063016e+003  4.1032457e+007  3.5000000e+003  9.9277118e+000 -5.0272169e+003
  7.3600000e+002  1.0030285e+001  3.0658941e+003  4.0940436e+007  3.5000000e+003  1.1126051e+001 -4.1664003e+003
  7.5200000e+002  1.0056620e+001  3.0738629e+003  4.0885381e+007  3.5000000e+003  1.1296536e+001 -2.1558903e+003
  7.6800000e+002  1.0080256e+001  3.0620695e+003  4.0845269e+007  3.5000000e+003  1.1131781e+001 -2.7433566e+003
  7.8400000e+002  1.0102199e+001  3.0768520e+003  4.0784671e+007  3.5000000e+003  1.1447564e+001 -5.9520081e+003
  8.0000000e+002  1.0135658e+001  3.1093632e+003  4.0709400e+007  3.5000000e+003  1.1972138e+001 -3.9412066e+003
  8.1600000e+002  1.0171042e+001  3.0938612e+003  4.0672315e+007  3.5000000e+003  1.1612928e+001 -8.9072085e+002
  8.3200000e+002  1.0193810e+001  3.0712614e+003  4.0641639e+007  3.5000000e+003  1.1204541e+001 -2.5116297e+003
  8.4800000e+002  1.0197065e+001  2.9445846e+003  4.0700048e+007  3.5000000e+003  8.3659569e+000  4.9824479e+003
  8.6400000e+002  1.0142977e+001  2.8614339e+003  4.0724860e+007  3.5000000e+003  6.6253288e+000 -2.3816856e+002
  8.8000000e+002  1.0095784e+001  2.9378603e+003  4.0611745e+007  3.5000000e+003  9.3768902e+000 -8.1847748e+003
  8.9600000e+002  1.0097737e+001  2.9870540e+003  4.0520613e+007  3.5000000e+003  1.0695898e+001 -4.0846702e+003
  9.1200000e+002  1.0122995e+001  3.0755374e+003  4.0392034e+007  3.5000000e+003  1.2454915e+001 -6.8905384e+003
  9.2800000e+002  1.0169114e+001  3.1167799e+003  4.0304511e+007  3.5000000e+003  1.3005609e+001 -4.6054148e+003
  9.4400000e+002  1.0210538e+001  3.0890166e+003  4.0280879e+007  3.5000000e+003  1.2268212e+001 -2.3653442e+003
  9.6000000e+002  1.0242783e+001  3.0853649e+003  4.0234964e+007  3.5000000e+003  1.2075553e+001  1.6465252e+004
  9.7600000e+002  1.0199300e+001  2.8593455e+003  4.0406419e+007  3.5000000e+003  4.9889896e+000  1.8525117e+003
  9.9200000e+002  1.0102277e+001  2.8331611e+003  4.0386671e+007  3.5000000e+003  4.7480125e+000 -9.9538298e+003
  1.0080000e+003  1.0052807e+001  2.9173461e+003  4.0256398e+007  3.5000000e+003  8.2930340e+000 -5.7778209e+003
  1.0240000e+003  1.0032190e+001  2.9420572e+003  4.0184391e+007  3.5000000e+003  8.9544147e+000 -3.5326399e+003
  1.0400000e+003  1.0016305e+001  2.9491256e+003  4.0129960e+007  3.5000000e+003  9.0248808e+000 -3.3244048e+003
  1.0560000e+003  1.0004055e+001  2.9848967e+003  4.0044964e+007  3.5000000e+003  9.8772420e+000 -7.4184650e+003
  1.0720000e+003  1.0009445e+001  3.0281071e+003  3.9950841e+007  3.5000000e+003  1.0654610e+001 -4.9267180e+003
  1.0880000e+003  1.0014872e+001  3.0016178e+003  3.9931238e+007  3.5000000e+003  9.4996162e+000  7.6129286e+001
  1.1040000e+003  1.0000241e+001  2.9804442e+003  3.9906609e+007  3.5000000e+003  8.7109892e+000 -2.4465958e+003
  1.1200000e+003  9.9852361e+000  3.0079230e+003  3.9828118e+007  3.5000000e+003  9.4719362e+000 -5.2233040e+003
  1.1360000e+003  9.9813726e+000  3.0287816e+003  3.9756275e+007  3.5000000e+003  9.8521119e+000 -4.0445306e+003
  1.1520000e+003  1.0000365e+001  3.1781445e+003  3.9535599e+007  3.5000000e+003  1.3130103e+001 -1.2610663e+004
  1.1680000e+003  1.0052492e+001  3.2689926e+003  3.9378548e+007  3.5000000e+003  1.4211023e+001 -8.0708470e+003
  1.1840000e+003  1.0098611e+001  3.2453800e+003  3.9354225e+007  3.5000000e+003  1.2803671e+001 -3.4350631e+003
  1.2000000e+003  1.0131560e+001  3.2622329e+003  3.9282058e+007  3.5000000e+003  1.2435049e+001 -1.2008352e+003
  1.2160000e+003  1.0150303e+001  3.2328542e+003  3.9265616e+007  3.5000000e+003  1.1049490e+001 -3.1094196e+003
  1.2320000e+003  1.0159262e+001  3.2183988e+003  3.9231714e+007  3.5000000e+003  1.0123248e+001  6.1671432e+003
  1.2480000e+003  1.0140890e+001  3.1579057e+003  3.9255776e+007  3.5000000e+003  7.9038041e+000 -1.1384723e+003
  1.2640000e+003  1.0110435e+001  3.1625853e+003  3.9199330e+007  3.5000000e+003  8.2866886e+000 -7.7416263e+003
  1.2800000e+003  1.0096849e+001  3.1966365e+003  3.9105109e+007  3.5000000e+003  9.4576992e+000 -4.6786322e+003
  1.2960000e+003  1.0091519e+001  3.2181190e+003  3.9026100e+007  3.5000000e+003  9.9790600e+000 -5.3960334e+003
  1.3120000e+003  1.0092533e+001  3.2370133e+003  3.8949802e+007  3.5000000e+003  1.0290482e+001 -4.3898463e+003
  1.3280000e+003  1.0091561e+001  3.2159345e+003  3.8926023e+007  3.5000000e+003  9.2382434e+000 -4.6147594e+002
  1.3440000e+003  1.0076296e+001  3.1991528e+003  3.8897139e+007  3.5000000e+003  8.5536906e+000 -2.5641383e+003
  1.3600000e+003  1.0059095e+001  3.2051328e+003  3.8837814e+007  3.5000000e+003  8.8137003e+000 -3.9029832e+003
  1.3760000e+003  1.0045723e+001  3.2101036e+003  3.8779687e+007  3.5000000e+003  8.9642480e+000 -3.4711905e+003
  1.3920000e+003  1.0041304e+001  3.2574718e+003  3.8662342e+007  3.5000000e+003  1.0491175e+001 -6.7575751e+003
  1.4080000e+003  1.0050009e+001  3.2852283e+003  3.8571113e+007  3.5000000e+003  1.0995513e+001 -5.0566994e+003
  1.4240000e+003  1.0076212e+001  3.3956227e+003  3.8361238e+007  3.5000000e+003  1.3541607e+001 -1.0598603e+004
  1.4400000e+003  1.0119151e+001  3.4567049e+003  3.8218888e+007  3.5000000e+003  1.4181382e+001  2.1988924e+004
  1.4560000e+003  1.0101617e+001  3.2668785e+003  3.8440158e+007  3.5000000e+003  5.2499408e+000  2.5503865e+003
  1.4720000e+003  1.0037413e+001  3.2351666e+003  3.8434600e+007  3.5000000e+003  4.2348854e+000 -5.7376328e+003
  1.4880000e+003  9.9892491e+000  3.2500217e+003  3.8360718e+007  3.5000000e+003  6.3288388e+000 -3.4493074e+003
  1.5040000e+003  9.9560575e+000  3.2979645e+003  3.8236563e+007  3.5000000e+003  8.8817360e+000 -1.9762388e+004
  1.5200000e+003  9.9112767e+000  3.2220372e+003  3.8299281e+007  3.5000000e+003  2.3167877e+000  7.2685343e+002
  1.5360000e+003  9.8198208e+000  3.1901411e+003  3.8296753e+007  3.5000000e+003  4.2006661e-001 -3.7998909e+002
  1.5520000e+003  9.7205001e+000  3.1607688e+003  3.8291326e+007  3.5000000e+003  3.6987320e-002 -3.0256666e+002
  1.5680000e+003  9.6212758e+000  3.1314308e+003  3.8286785e+007  3.5000000e+003 -3.7503619e-002 -2.7263852e+002
  1.5840000e+003  9.5236750e+000  3.1025354e+003  3.8282481e+007  3.5000000e+003 -5.3120159e-002 -2.6678361e+002
  1.6000000e+003  9.4279470e+000  3.0741880e+003  3.8278225e+007  3.5000000e+003 -5.6273100e-002 -2.6558096e+002
  1.6160000e+003  9.3340980e+000  3.0463957e+003  3.8273978e+007  3.5000000e+003 -5.6909669e-002 -2.6533732e+002
  1.6320000e+003  9.2420849e+000  3.0191468e+003  3.8269733e+007  3.5000000e+003 -5.7038191e-002 -2.6528809e+002
  1.6480000e+003  9.1518567e+000  2.9924265e+003  3.8265489e+007  3.5000000e+003 -5.7064139e-002 -2.6527815e+002
  1.6640000e+003  9.0633626e+000  2.9662197e+003  3.8261244e+007  3.5000000e+003 -5.7069378e-002 -2.6527614e+002
  1.6800000e+003  8.9765530e+000  2.9405117e+003  3.8257000e+007  3.5000000e+003 -5.7070435e-002 -2.6527574e+002
  1.6960000e+003  8.8913803e+000  2.9176456e+003  3.8248755e+007  3.5000000e+003 -5.7070649e-002 -4.2652757e+003
  1.7120000e+003  8.8077988e+000  2.9302329e+003  3.8180511e+007  3.5000000e+003 -5.7070692e-002 -4.2652756e+003
  1.7280000e+003  8.7257641e+000  2.9425873e+003  3.8112267e+007  3.5000000e+003 -5.7070701e-002 -4.2652756e+003
  1.7440000e+003  8.6452338e+000  2.9547151e+003  3.8044022e+007  3.5000000e+003 -5.7070702e-002 -4.2652756e+003
  1.7600000e+003  8.5661676e+000  2.9665973e+003  3.7975822e+007  3.3000000e+003 -5.6984149e-002 -4.2622159e+003
  1.7760000e+003  8.4885252e+000  2.9782630e+003  3.7907627e+007  3.3000000e+003 -5.6984149e-002 -4.2622159e+003
  1.7920000e+003  8.4122686e+000  2.9897204e+003  3.7839431e+007  3.3000000e+003 -5.6984149e-002 -4.2622159e+003
  1.8080000e+003  8.3402381e+000  3.0283002e+003  3.7721805e+007  3.3000000e+003  3.8440184e+000 -2.9240896e+004
  1.8240000e+003  8.3540608e+000  3.2650278e+003  3.7241324e+007  3.3000000e+003  1.3459870e+001 -2.4612225e+004
  1.8400000e+003  8.3985769e+000  3.3167068e+003  3.7093943e+007  3.3000000e+003  1.2143914e+001 -5.6009795e+003
  1.8560000e+003  8.4250999e+000  3.3575451e+003  3.6965039e+007  3.3000000e+003  1.1081703e+001 -9.4298223e+003
  1.8720000e+003  8.4408248e+000  3.3793963e+003  3.6870391e+007  3.3000000e+003  9.3629410e+000 -6.8727604e+003
  1.8880000e+003  8.4457911e+000  3.4137682e+003  3.6751392e+007  3.3000000e+003  8.8530035e+000 -6.1733170e+003
  1.9040000e+003  8.4532039e+000  3.4408648e+003  3.6645153e+007  3.3000000e+003  9.7299313e+000 -5.5205587e+003
  1.9200000e+003  8.4649833e+000  3.4545149e+003  3.6563877e+007  3.3000000e+003  9.9489608e+000 -3.4846528e+003
  1.9360000e+003  8.4743244e+000  3.4535550e+003  3.6510464e+007  3.3000000e+003  9.3923409e+000 -4.0320464e+003
  1.9520000e+003  8.4814503e+000  3.4662537e+003  3.6430407e+007  3.3000000e+003  9.6337148e+000 -9.2855027e+003
  1.9680000e+003  8.4966358e+000  3.4976733e+003  3.6313081e+007  3.3000000e+003  1.0770774e+001 -5.9449070e+003
  1.9840000e+003  8.5173681e+000  3.5390328e+003  3.6175020e+007  3.3000000e+003  1.2180454e+001 -1.5558797e+004
  2.0000000e+003  8.5559342e+000  3.6013914e+003  3.5993616e+007  3.3000000e+003  1.4026229e+001 -8.5849329e+003
  2.0160000e+003  8.5956759e+000  3.5634752e+003  3.6012471e+007  3.3000000e+003  1.1040896e+001  9.6609652e+003
  2.0320000e+003  8.5999428e+000  3.5207612e+003  3.6042293e+007  3.3000000e+003  8.0105641e+000 -2.0745544e+003
  2.0480000e+003  8.6002280e+000  3.5777076e+003  3.5869277e+007  3.3000000e+003  1.0938836e+001 -1.5315180e+004
  2.0640000e+003  8.6285074e+000  3.6354840e+003  3.5692726e+007  3.3000000e+003  1.3026586e+001 -8.1875889e+003
  2.0800000e+003  8.6706511e+000  3.7223849e+003  3.5453717e+007  3.3000000e+003  1.5676241e+001 -1.4973119e+004
  2.0960000e+003  8.7292925e+000  3.7837704e+003  3.5265433e+007  3.3000000e+003  1.6759183e+001 -9.7886110e+003
  2.1120000e+003  8.7805490e+000  3.7383612e+003  3.5300843e+007  3.3000000e+003  1.3890083e+001 -7.0759164e+001
  2.1280000e+003  8.8143022e+000  3.7320889e+003  3.5254383e+007  3.3000000e+003  1.2905538e+001 -4.5135536e+003
  2.1440000e+003  8.8514449e+000  3.7886050e+003  3.5073442e+007  3.3000000e+003  1.4576609e+001 -9.4080967e+003
  2.1600000e+003  8.8958501e+000  3.8210702e+003  3.4942667e+007  3.3000000e+003  1.5010239e+001  1.5859780e+003
  2.1760000e+003  8.9286082e+000  3.7786811e+003  3.4973811e+007  3.3000000e+003  1.2396756e+001 -2.5992078e+003
  2.1920000e+003  8.9522359e+000  3.8085174e+003  3.4847921e+007  3.3000000e+003  1.3480974e+001 -3.6937194e+004
  2.2080000e+003  9.0086493e+000  3.9779858e+003  3.4412629e+007  3.3000000e+003  1.8653479e+001 -1.8654557e+004
  2.2240000e+003  9.0814310e+000  4.0182059e+003  3.4259492e+007  3.3000000e+003  1.8365688e+001  5.1213376e+003
  2.2400000e+003  9.1396145e+000  4.0004553e+003  3.4234980e+007  3.3000000e+003  1.6559827e+001 -5.2735034e+003
  2.2560000e+003  9.1823381e+000  3.9287947e+003  3.4332710e+007  3.3000000e+003  1.0543934e+001  1.9083105e+004
  2.2720000e+003  9.1684669e+000  3.8676328e+003  3.4408871e+007  3.3000000e+003  5.2376459e+000 -1.5929884e+003
  2.2880000e+003  9.1455162e+000  3.9114052e+003  3.4246793e+007  3.3000000e+003  8.7938601e+000 -1.5197015e+004
  2.3040000e+003  9.1547332e+000  3.9600219e+003  3.4072150e+007  3.3000000e+003  1.1467916e+001 -7.8580755e+003
  2.3200000e+003  9.1596907e+000  3.9065874e+003  3.4132811e+007  3.3000000e+003  6.7444857e+000  2.4435730e+003
  2.3360000e+003  9.1334734e+000  3.8887783e+003  3.4111925e+007  3.3000000e+003  4.4923361e+000 -3.1382746e+003
  2.3520000e+003  9.1274393e+000  4.0132218e+003  3.3756889e+007  3.3000000e+003  1.2964070e+001 -2.2766230e+004
  2.3680000e+003  9.1655493e+000  4.0947955e+003  3.3499430e+007  3.3000000e+003  1.5839697e+001 -1.1559476e+004
  2.3840000e+003  9.2049880e+000  4.0784752e+003  3.3472837e+007  3.3000000e+003  1.4279213e+001 -3.6660410e+003
  2.4000000e+003  9.2370213e+000  4.0839119e+003  3.3394527e+007  3.3000000e+003  1.3853680e+001 -8.3284010e+003
  2.4160000e+003  9.2708978e+000  4.1161680e+003  3.3251222e+007  3.3000000e+003  1.4642797e+001 -7.6192568e+003
  2.4320000e+003  9.3069393e+000  4.1408189e+003  3.3125388e+007  3.3000000e+003  1.5000651e+001 -1.1398744e+004
  2.4480000e+003  9.3470356e+000  4.1762358e+003  3.2972399e+007  3.3000000e+003  1.5704698e+001 -8.3137770e+003
  2.4640000e+003  9.3900215e+000  4.2329137e+003  3.2765868e+007  3.3000000e+003  1.7189866e+001 -2.4706350e+004
  2.4800000e+003  9.4487311e+000  4.3237334e+003  3.2472817e+007  3.3000000e+003  1.9264284e+001 -1.4220718e+004
  2.4960000e+003  9.5076482e+000  4.2878485e+003  3.2493242e+007  3.3000000e+003  1.5409192e+001  1.9015208e+004
  2.5120000e+003  9.5297553e+000  4.2241163e+003  3.2584796e+007  3.3000000e+003  1.1540668e+001 -1.0875823e+003
  2.5280000e+003  9.5401975e+000  4.2236993e+003  3.2518264e+007  3.3000000e+003  1.1215844e+001 -5.6291038e+003
  2.5440000e+003  9.5512358e+000  4.2306924e+003  3.2432888e+007  3.3000000e+003  1.1343443e+001 -5.1614216e+003
  2.5600000e+003  9.5674664e+000  4.2760816e+003  3.2248955e+007  3.3000000e+003  1.3518374e+001 -1.1872848e+004
  2.5760000e+003  9.5957702e+000  4.3075442e+003  3.2099458e+007  3.3000000e+003  1.4486149e+001 -7.7795476e+003
  2.5920000e+003  9.6298678e+000  4.3533363e+003  3.1911799e+007  3.3000000e+003  1.5801114e+001 -1.2415719e+004
  2.6080000e+003  9.6692632e+000  4.4021396e+003  3.1714818e+007  3.3000000e+003  1.6208512e+001 -1.1663358e+004
  2.6240000e+003  9.6860752e+000  4.3198105e+003  3.1860498e+007  3.3000000e+003  9.2139537e+000  8.3538734e+002
  2.6400000e+003  9.6764455e+000  4.3100912e+003  3.1817049e+007  3.3000000e+003  7.4344706e+000 -7.9841875e+003
  2.6560000e+003  9.6693147e+000  4.3401260e+003  3.1668285e+007  3.3000000e+003  9.0996646e+000 -7.7233610e+003
  2.6720000e+003  9.6673020e+000  4.3638530e+003  3.1535421e+007  3.3000000e+003  9.9361933e+000 -1.4440761e+004
  2.6880000e+003  9.6754956e+000  4.4070069e+003  3.1349559e+007  3.3000000e+003  1.1695049e+001 -9.5056802e+003
  2.7040000e+003  9.6855280e+000  4.3877208e+003  3.1331215e+007  3.3000000e+003  7.8753609e+000  1.4922471e+004
  2.7200000e+003  9.6515876e+000  4.3543424e+003  3.1351834e+007  3.3000000e+003  1.5719188e+000 -3.6326618e+003
  2.7360000e+003  9.6107947e+000  4.4297090e+003  3.1075886e+007  3.3000000e+003  9.5537008e+000 -4.5449154e+004
  2.7520000e+003  9.6406971e+000  4.6155708e+003  3.0493333e+007  3.3000000e+003  1.7832666e+001 -2.6298970e+004
  2.7680000e+003  9.6849300e+000  4.5987801e+003  3.0465978e+007  3.3000000e+003  1.3947325e+001  1.0211485e+004
  2.7840000e+003  9.6980982e+000  4.5678425e+003  3.0478559e+007  3.3000000e+003  1.0809459e+001 -4.0873018e+003
  2.8000000e+003  9.7154919e+000  4.6882650e+003  3.0068170e+007  3.3000000e+003  1.6523445e+001 -3.1923998e+004
  2.8160000e+003  9.7638371e+000  4.7993859e+003  2.9680130e+007  3.3000000e+003  1.9236382e+001 -1.9209145e+004
  2.8320000e+003  9.8047470e+000  4.7445606e+003  2.9758660e+007  3.3000000e+003  1.4101636e+001  1.9770501e+003
  2.8480000e+003  9.8225898e+000  4.7357912e+003  2.9707731e+007  3.3000000e+003  1.2318368e+001 -6.0134224e+003
  2.8640000e+003  9.8537700e+000  4.8754962e+003  2.9231703e+007  3.3000000e+003  1.8073564e+001 -2.5159876e+004
  2.8800000e+003  9.9045661e+000  4.9618801e+003  2.8904823e+007  3.3000000e+003  1.9549130e+001 -1.7481576e+004
  2.8960000e+003  9.9588655e+000  5.0251678e+003  2.8642089e+007  3.3000000e+003  1.9846958e+001 -1.5786645e+004
  2.9120000e+003  1.0013178e+001  5.0680065e+003  2.8436897e+007  3.3000000e+003  1.9255629e+001  3.1709420e+003
  2.9280000e+003  1.0056296e+001  5.0628565e+003  2.8370893e+007  3.3000000e+003  1.7113992e+001 -8.6459991e+003
  2.9440000e+003  1.0093996e+001  5.1146330e+003  2.8137406e+007  3.3000000e+003  1.7835997e+001 -2.6269998e+004
  2.9600000e+003  1.0141357e+001  5.1945507e+003  2.7818935e+007  3.3000000e+003  1.8286605e+001  3.0000000e+004
  2.9760000e+003  1.0134031e+001  5.0806058e+003  2.8075036e+007  3.3000000e+003  3.5241111e+000 -6.2799679e+002
  2.9920000e+003  1.0089199e+001  5.0708486e+003  2.8022950e+007  3.3000000e+003  6.9516898e-001 -4.1787529e+003
  3.0080000e+003  1.0037340e+001  5.0664774e+003  2.7954969e+007  3.3000000e+003  1.2370463e-001 -4.2640614e+003
  3.0240000e+003  9.9845206e+000  5.0622076e+003  2.7886822e+007  3.3000000e+003  8.3151452e-003 -4.2552560e+003
  3.0400000e+003  9.9319655e+000  5.0579503e+003  2.7818773e+007  3.3000000e+003 -1.1951802e-002 -4.2518592e+003
  3.0560000e+003  9.8799047e+000  5.0537296e+003  2.7750749e+007  3.3000000e+003 -1.6655488e-002 -4.2513334e+003
  3.0720000e+003  9.8283738e+000  5.0495515e+003  2.7682728e+007  3.3000000e+003 -1.7605144e-002 -4.2512254e+003
  3.0880000e+003  9.7773743e+000  5.0454163e+003  2.7614709e+007  3.3000000e+003 -1.7796877e-002 -4.2512036e+003
  3.1040000e+003  9.7268998e+000  5.0413238e+003  2.7546690e+007  3.3000000e+003 -1.7835587e-002 -4.2511992e+003
  3.1200000e+003  9.6769428e+000  5.0372731e+003  2.7478671e+007  3.3000000e+003 -1.7843402e-002 -4.2511983e+003
  3.1360000e+003  9.6274954e+000  5.0332638e+003  2.7410651e+007  3.3000000e+003 -1.7844980e-002 -4.2511981e+003
  3.1520000e+003  9.5785498e+000  5.0292952e+003  2.7342632e+007  3.3000000e+003 -1.7845299e-002 -4.2511980e+003
  3.1680000e+003  9.5300984e+000  5.0253667e+003  2.7274613e+007  3.3000000e+003 -1.7845363e-002 -4.2511980e+003
  3.1840000e+003  9.4821339e+000  5.0214776e+003  2.7206594e+007  3.3000000e+003 -1.7845376e-002 -4.2511980e+003
  3.2000000e+003  9.4346489e+000  5.0176273e+003  2.7138575e+007  3.1000000e+003 -1.7758829e-002 -4.2509190e+003
  3.2160000e+003  9.3876366e+000  5.0138140e+003  2.7070560e+007  3.1000000e+003 -1.7747630e-002 -4.2509178e+003
  3.2320000e+003  9.3410897e+000  5.0100384e+003  2.7002546e+007  3.1000000e+003 -1.7747630e-002 -4.2509178e+003
  3.2480000e+003  9.2950013e+000  5.0063001e+003  2.6934531e+007  3.1000000e+003 -1.7747630e-002 -4.2509178e+003
  3.2640000e+003  9.2544444e+000  5.0225547e+003  2.6801359e+007  3.1000000e+003  5.3280972e+000 -1.8365607e+004
  3.2800000e+003  9.2560884e+000  5.1082769e+003  2.6439744e+007  3.1000000e+003  1.3155987e+001 -2.0872252e+004
  3.2960000e+003  9.2817035e+000  5.1618144e+003  2.6181498e+007  3.1000000e+003  1.5350792e+001 -1.3019965e+004
  3.3120000e+003  9.3185521e+000  5.2498623e+003  2.5807206e+007  3.1000000e+003  1.8625912e+001 -2.1710498e+004
  3.3280000e+003  9.3663996e+000  5.3136441e+003  2.5510879e+007  3.1000000e+003  1.9657620e+001 -1.6564211e+004
  3.3440000e+003  9.4162507e+000  5.3641482e+003  2.5256924e+007  3.1000000e+003  1.9865874e+001 -1.5459471e+004
  3.3600000e+003  9.4661217e+000  5.4115324e+003  2.5011840e+007  3.1000000e+003  1.9907919e+001 -1.5233762e+004
  3.3760000e+003  9.5156195e+000  5.4579336e+003  2.4768558e+007  3.1000000e+003  1.9916407e+001 -1.5188084e+004
  3.3920000e+003  9.5646301e+000  5.4984470e+003  2.4543769e+007  3.1000000e+003  1.9769803e+001 -7.0540159e+003
  3.4080000e+003  9.6110794e+000  5.5127421e+003  2.4407062e+007  3.1000000e+003  1.9280040e+001 -9.5273909e+003
  3.4240000e+003  9.6561210e+000  5.5382338e+003  2.4231549e+007  3.1000000e+003  1.9443862e+001 -1.3671467e+004
  3.4400000e+003  9.7027397e+000  5.5703036e+003  2.4032585e+007  3.1000000e+003  1.9822864e+001 -1.1689440e+004
  3.4560000e+003  9.7453133e+000  5.5316791e+003  2.4076986e+007  3.1000000e+003  1.5208662e+001  2.1175606e+004
  3.4720000e+003  9.7579718e+000  5.4709599e+003  2.4199356e+007  3.1000000e+003  1.0884111e+001  8.9234465e+002
  3.4880000e+003  9.7640455e+000  5.4811525e+003  2.4076259e+007  3.1000000e+003  1.2627983e+001 -1.1993068e+004
  3.5040000e+003  9.7813015e+000  5.4965911e+003  2.3934448e+007  3.1000000e+003  1.4086831e+001 -6.8684523e+003
  3.5200000e+003  9.8075500e+000  5.5587112e+003  2.3627778e+007  3.1000000e+003  1.7881093e+001 -2.1085838e+004
  3.5360000e+003  9.8486915e+000  5.6074385e+003  2.3366490e+007  3.1000000e+003  1.9507315e+001 -1.3347824e+004
  3.5520000e+003  9.8931147e+000  5.6374331e+003  2.3170200e+007  3.1000000e+003  1.9835531e+001 -1.1621809e+004
  3.5680000e+003  9.9378736e+000  5.6632625e+003  2.2987816e+007  3.1000000e+003  1.9901792e+001 -1.1266706e+004
  3.5840000e+003  9.9823805e+000  5.6880692e+003  2.2808272e+007  3.1000000e+003  1.9915170e+001 -1.1194742e+004
  3.6000000e+003  1.0026521e+001  5.7124959e+003  2.2629302e+007  3.1000000e+003  1.9917871e+001  2.7343170e+004
  3.6160000e+003  1.0044161e+001  5.6064134e+003  2.2921603e+007  3.1000000e+003  1.0601228e+001  5.1322939e+003
  3.6320000e+003  1.0042120e+001  5.5957038e+003  2.2870808e+007  3.1000000e+003  1.1011497e+001 -3.8421573e+004
  3.6480000e+003  1.0066101e+001  5.6983867e+003  2.2406587e+007  3.1000000e+003  1.8138693e+001 -1.9950440e+004
  3.6640000e+003  1.0105238e+001  5.7421118e+003  2.2155160e+007  3.1000000e+003  1.9559292e+001 -1.3078143e+004
  3.6800000e+003  1.0147114e+001  5.7698845e+003  2.1961055e+007  3.1000000e+003  1.9846024e+001 -1.1565724e+004
  3.6960000e+003  1.0187128e+001  5.7540605e+003  2.1927238e+007  3.1000000e+003  1.7535979e+001  7.7661761e+003
  3.7120000e+003  1.0212903e+001  5.7265259e+003  2.1937409e+007  3.1000000e+003  1.5358350e+001 -3.2790182e+003
  3.7280000e+003  1.0237306e+001  5.7666446e+003  2.1696182e+007  3.1000000e+003  1.7786034e+001 -2.1498471e+004
  3.7440000e+003  1.0274124e+001  5.8127383e+003  2.1431295e+007  3.1000000e+003  1.9488155e+001 -1.3446887e+004
  3.7600000e+003  1.0314240e+001  5.8404144e+003  2.1234201e+007  3.1000000e+003  1.9831663e+001 -1.1642469e+004
  3.7760000e+003  1.0354742e+001  5.8640053e+003  2.1051652e+007  3.1000000e+003  1.9901012e+001 -1.1270904e+004
  3.7920000e+003  1.0387614e+001  5.8194751e+003  2.1126731e+007  3.1000000e+003  1.6022762e+001  1.9964900e+003
  3.8080000e+003  1.0407871e+001  5.8026908e+003  2.1097551e+007  3.1000000e+003  1.4728652e+001 -3.9778570e+003
  3.8240000e+003  1.0409954e+001  5.7312694e+003  2.1277894e+007  3.1000000e+003  7.7117631e+000  3.8541767e+003
  3.8400000e+003  1.0394092e+001  5.7030743e+003  2.1294491e+007  3.1000000e+003  5.9442943e+000  4.9138480e+003
  3.8560000e+003  1.0363061e+001  5.6684764e+003  2.1336687e+007  3.1000000e+003  1.1592859e+000  2.9984414e+001
  3.8720000e+003  1.0323149e+001  5.6506357e+003  2.1315088e+007  3.1000000e+003  2.5446866e+000 -1.1337982e+004
  3.8880000e+003  1.0310959e+001  5.6797885e+003  2.1111302e+007  3.1000000e+003  1.0169297e+001 -9.4019626e+003
  3.9040000e+003  1.0314408e+001  5.6866704e+003  2.0993552e+007  3.1000000e+003  1.1913668e+001 -6.9640908e+003
  3.9200000e+003  1.0322600e+001  5.6863046e+003  2.0904000e+007  3.1000000e+003  1.2563707e+001 -4.7568439e+003
  3.9360000e+003  1.0330549e+001  5.6629652e+003  2.0904906e+007  3.1000000e+003  1.0917275e+001  4.2628564e+003
  3.9520000e+003  1.0328813e+001  5.6368974e+003  2.0917344e+007  3.1000000e+003  9.3001904e+000 -1.1048611e+003
  3.9680000e+003  1.0330955e+001  5.6887263e+003  2.0621445e+007  3.1000000e+003  1.5162421e+001 -3.0949308e+004
  3.9840000e+003  1.0359928e+001  5.7550394e+003  2.0266168e+007  3.1000000e+003  1.8958981e+001 -1.6108683e+004
  4.0000000e+003  1.0396239e+001  5.7867447e+003  2.0047234e+007  3.1000000e+003  1.9724845e+001 -1.2210012e+004
  4.0160000e+003  1.0433782e+001  5.8013116e+003  1.9896131e+007  3.1000000e+003  1.9879446e+001 -8.3867119e+003
  4.0320000e+003  1.0471333e+001  5.8111509e+003  1.9763628e+007  3.1000000e+003  1.9910659e+001 -8.2190215e+003
  4.0480000e+003  1.0508649e+001  5.8205817e+003  1.9632465e+007  3.1000000e+003  1.9916960e+001 -8.1851055e+003
  4.0640000e+003  1.0545684e+001  5.8298716e+003  1.9501572e+007  3.1000000e+003  1.9918233e+001 -8.1782555e+003
  4.0800000e+003  1.0582430e+001  5.8390753e+003  1.9370734e+007  3.1000000e+003  1.9918489e+001  3.0000000e+004
  4.0960000e+003  1.0579360e+001  5.7321963e+003  1.9715192e+007  3.1000000e+003  3.9238799e+000  7.0272437e+003
  4.1120000e+003  1.0546620e+001  5.7069587e+003  1.9727279e+007  3.1000000e+003  4.5274092e+000 -3.1953633e+004
  4.1280000e+003  1.0553617e+001  5.8051244e+003  1.9230641e+007  3.1000000e+003  1.6865466e+001 -2.2222130e+004
  4.1440000e+003  1.0583580e+001  5.8333136e+003  1.9020915e+007  3.1000000e+003  1.8692397e+001 -3.1443900e+003
  4.1600000e+003  1.0613703e+001  5.8284055e+003  1.8948005e+007  3.1000000e+003  1.8255311e+001 -5.3914300e+003
  4.1760000e+003  1.0640133e+001  5.7877150e+003  1.9024715e+007  3.1000000e+003  1.4845640e+001  1.6391729e+004
  4.1920000e+003  1.0648776e+001  5.7378617e+003  1.9141146e+007  3.1000000e+003  1.1755515e+001  2.5190966e+003
  4.2080000e+003  1.0646085e+001  5.6800652e+003  1.9292606e+007  3.1000000e+003  6.1441335e+000  9.7215362e+003
  4.2240000e+003  1.0621313e+001  5.6392883e+003  1.9374007e+007  3.1000000e+003  2.8960807e+000  3.1123955e+003
  4.2400000e+003  1.0605281e+001  5.6824793e+003  1.9100605e+007  3.1000000e+003  1.2843098e+001 -2.7155853e+004
  4.2560000e+003  1.0624571e+001  5.7308814e+003  1.8803638e+007  3.1000000e+003  1.7451602e+001 -1.2085622e+004
  4.2720000e+003  1.0653879e+001  5.7601648e+003  1.8586816e+007  3.1000000e+003  1.9300233e+001 -1.1408589e+004
  4.2880000e+003  1.0687290e+001  5.7752652e+003  1.8429888e+007  3.1000000e+003  1.9793728e+001 -8.8446897e+003
  4.3040000e+003  1.0721368e+001  5.7854314e+003  1.8293718e+007  3.1000000e+003  1.9893353e+001 -8.3120590e+003
  4.3200000e+003  1.0755377e+001  5.7945357e+003  1.8161811e+007  3.1000000e+003  1.9913466e+001 -8.2039128e+003
  4.3360000e+003  1.0789172e+001  5.8033737e+003  1.8030768e+007  3.1000000e+003  1.9917527e+001 -8.1820536e+003
  4.3520000e+003  1.0822586e+001  5.8026406e+003  1.7941106e+007  3.1000000e+003  1.9254280e+001  9.6818655e+003
  4.3680000e+003  1.0848400e+001  5.7713997e+003  1.7984755e+007  3.1000000e+003  1.7059236e+001 -1.5776071e+003
  4.3840000e+003  1.0870615e+001  5.7771473e+003  1.7867209e+007  3.1000000e+003  1.7792749e+001 -1.8452697e+004
  4.4000000e+003  1.0899660e+001  5.8053831e+003  1.7650509e+007  3.1000000e+003  1.9490124e+001 -1.0436715e+004
  4.4160000e+003  1.0926794e+001  5.7667845e+003  1.7728113e+007  3.1000000e+003  1.3454120e+001  3.0000000e+004
  4.4320000e+003  1.0922688e+001  5.6992772e+003  1.7935104e+007  3.1000000e+003  7.6179087e+000  4.9789565e+003
  4.4480000e+003  1.0916060e+001  5.7342306e+003  1.7688408e+007  3.1000000e+003  1.4171928e+001 -3.0569802e+004
  4.4640000e+003  1.0938053e+001  5.7891354e+003  1.7351511e+007  3.1000000e+003  1.8759311e+001 -1.4075741e+004
  4.4800000e+003  1.0968054e+001  5.8084100e+003  1.7172515e+007  3.1000000e+003  1.9684544e+001 -9.4226305e+003
  4.4960000e+003  1.0999484e+001  5.8190569e+003  1.7031701e+007  3.1000000e+003  1.9871310e+001 -8.4303426e+003
  4.5120000e+003  1.1027159e+001  5.7902109e+003  1.7068778e+007  3.1000000e+003  1.7503272e+001  6.4507107e+002
  4.5280000e+003  1.1047772e+001  5.7669877e+003  1.7081313e+007  3.1000000e+003  1.3859615e+001  3.0000000e+004
  4.5440000e+003  1.1032880e+001  5.6888978e+003  1.7343959e+007  3.1000000e+003  2.7461038e+000  4.8237811e+003
  4.5600000e+003  1.0998954e+001  5.6573029e+003  1.7397042e+007  3.1000000e+003  5.4137971e-001  2.7895599e+003
  4.5760000e+003  1.0961419e+001  5.6279127e+003  1.7441043e+007  3.1000000e+003  9.6052518e-002  2.7417800e+003
  4.5920000e+003  1.0923372e+001  5.5987462e+003  1.7484959e+007  3.1000000e+003  6.1342000e-003  2.7470629e+003
  4.6080000e+003  1.0885441e+001  5.5697694e+003  1.7528933e+007  3.1000000e+003 -8.7944603e-003  2.7491112e+003
  4.6240000e+003  1.0847745e+001  5.5409900e+003  1.7572921e+007  3.1000000e+003 -1.2459895e-002  2.7494027e+003
  4.6400000e+003  1.0810303e+001  5.5124084e+003  1.7616912e+007  3.1000000e+003 -1.3199919e-002  2.7494626e+003
  4.6560000e+003  1.0773116e+001  5.4840232e+003  1.7660904e+007  3.1000000e+003 -1.3349328e-002  2.7494747e+003
  4.6720000e+003  1.0736184e+001  5.4558323e+003  1.7704896e+007  3.1000000e+003 -1.3379493e-002  2.7494771e+003
  4.6880000e+003  1.0699504e+001  5.4278338e+003  1.7748887e+007  3.1000000e+003 -1.3385583e-002  2.7494776e+003
  4.7040000e+003  1.0663073e+001  5.4000258e+003  1.7792879e+007  3.1000000e+003 -1.3386813e-002  2.7494777e+003
  4.7200000e+003  1.0626889e+001  5.3724062e+003  1.7836870e+007  3.1000000e+003 -1.3387061e-002  2.7494778e+003
  4.7360000e+003  1.0590950e+001  5.3449732e+003  1.7880862e+007  3.1000000e+003 -1.3387111e-002  2.7494778e+003
  4.7520000e+003  1.0555253e+001  5.3177249e+003  1.7924854e+007  3.1000000e+003 -1.3387122e-002  2.7494778e+003
  4.7680000e+003  1.0519795e+001  5.2906593e+003  1.7968846e+007  2.9000000e+003 -1.3280144e-002  2.7496215e+003
  4.7840000e+003  1.0484575e+001  5.2637744e+003  1.8012840e+007  2.9000000e+003 -1.3275891e-002  2.7496218e+003
  4.8000000e+003  1.0449589e+001  5.2370686e+003  1.8056834e+007  2.9000000e+003 -1.3275891e-002  2.7496218e+003
  4.8160000e+003  1.0414836e+001  5.2105402e+003  1.8100828e+007  2.9000000e+003 -1.3275891e-002  2.7496218e+003
  4.8320000e+003  1.0384702e+001  5.2047220e+003  1.8045579e+007  2.9000000e+003  7.0563693e+000 -3.0560297e+004
  4.8480000e+003  1.0395096e+001  5.2779553e+003  1.7607195e+007  2.9000000e+003  1.7339471e+001 -1.8724654e+004
  4.8640000e+003  1.0421025e+001  5.2775097e+003  1.7524915e+007  2.9000000e+003  1.6704818e+001  2.0141302e+004
  4.8800000e+003  1.0434023e+001  5.2312425e+003  1.7666305e+007  2.9000000e+003  1.3015490e+001  2.9370068e+003
  4.8960000e+003  1.0442529e+001  5.2318799e+003  1.7579484e+007  2.9000000e+003  1.4636381e+001 -1.3951097e+004
  4.9120000e+003  1.0460347e+001  5.2454858e+003  1.7428928e+007  2.9000000e+003  1.6670012e+001 -6.4737689e+003
  4.9280000e+003  1.0476095e+001  5.1998864e+003  1.7569760e+007  2.9000000e+003  1.1416089e+001  1.5277318e+004
  4.9440000e+003  1.0472102e+001  5.1589663e+003  1.7688912e+007  2.9000000e+003  7.9534957e+000  3.5848562e+003
  4.9600000e+003  1.0472307e+001  5.1999996e+003  1.7402802e+007  2.9000000e+003  1.5484044e+001 -2.4843500e+004
  4.9760000e+003  1.0495566e+001  5.2381593e+003  1.7129681e+007  2.9000000e+003  1.9023886e+001 -1.1725594e+004
  4.9920000e+003  1.0516303e+001  5.1905373e+003  1.7283647e+007  2.9000000e+003  1.4204074e+001  7.7874912e+003
  5.0080000e+003  1.0524672e+001  5.1628023e+003  1.7339523e+007  2.9000000e+003  1.2503838e+001  1.1267899e+003
  5.0240000e+003  1.0540564e+001  5.2096655e+003  1.7021431e+007  2.9000000e+003  1.8116495e+001 -1.5665203e+004
  5.0400000e+003  1.0567477e+001  5.2302806e+003  1.6834155e+007  2.9000000e+003  1.9554881e+001 -9.2385110e+003
  5.0560000e+003  1.0596489e+001  5.2401584e+003  1.6700519e+007  2.9000000e+003  1.9845196e+001 -7.8224055e+003
  5.0720000e+003  1.0625659e+001  5.2403316e+003  1.6615798e+007  2.9000000e+003  1.9267829e+001  8.5121241e+003
  5.0880000e+003  1.0648691e+001  5.2186723e+003  1.6642176e+007  2.9000000e+003  1.7177676e+001 -5.4108556e+003
  5.1040000e+003  1.0668791e+001  5.2355491e+003  1.6472522e+007  2.9000000e+003  1.7882488e+001 -2.0603954e+004
  5.1200000e+003  1.0694522e+001  5.2698878e+003  1.6212905e+007  2.9000000e+003  1.9508273e+001 -1.3462158e+004
  5.1360000e+003  1.0721284e+001  5.2674336e+003  1.6141194e+007  2.9000000e+003  1.7766243e+001  4.3217823e+003
  5.1520000e+003  1.0739551e+001  5.2552912e+003  1.6119485e+007  2.9000000e+003  1.5916393e+001 -4.5121357e+003
  5.1680000e+003  1.0754674e+001  5.2540573e+003  1.6041778e+007  2.9000000e+003  1.5344277e+001 -5.1807650e+003
  5.1840000e+003  1.0768450e+001  5.2554124e+003  1.5950687e+007  2.9000000e+003  1.5144706e+001 -5.9942185e+003
  5.2000000e+003  1.0785331e+001  5.2922574e+003  1.5674969e+007  2.9000000e+003  1.8197044e+001 -1.9050102e+004
  5.2160000e+003  1.0810713e+001  5.3226240e+003  1.5431871e+007  2.9000000e+003  1.9573577e+001 -1.2798308e+004
  5.2320000e+003  1.0836408e+001  5.3272054e+003  1.5322734e+007  2.9000000e+003  1.8673622e+001 -7.0926498e+003
  5.2480000e+003  1.0859654e+001  5.3356980e+003  1.5192921e+007  2.9000000e+003  1.8337526e+001 -8.7112936e+003
  5.2640000e+003  1.0871274e+001  5.2847871e+003  1.5375596e+007  2.9000000e+003  1.1601598e+001  3.7436067e+003
  5.2800000e+003  1.0870241e+001  5.2685095e+003  1.5377001e+007  2.9000000e+003  9.8956386e+000 -1.8796647e+004
  5.2960000e+003  1.0882728e+001  5.3387366e+003  1.4920712e+007  2.9000000e+003  1.7947794e+001 -2.0083624e+004
  5.3120000e+003  1.0906643e+001  5.3564449e+003  1.4741208e+007  2.9000000e+003  1.7563248e+001  3.0000000e+004
  5.3280000e+003  1.0914964e+001  5.3050032e+003  1.4929638e+007  2.9000000e+003  1.1396348e+001  1.6334407e+003
  5.3440000e+003  1.0915443e+001  5.3161706e+003  1.4785068e+007  2.9000000e+003  1.3627768e+001 -3.3115152e+004
  5.3600000e+003  1.0932968e+001  5.3720062e+003  1.4400675e+007  2.9000000e+003  1.8653976e+001 -1.7075621e+004
  5.3760000e+003  1.0955412e+001  5.3608237e+003  1.4374851e+007  2.9000000e+003  1.5729016e+001  1.4326599e+004
  5.3920000e+003  1.0963171e+001  5.3323346e+003  1.4442720e+007  2.9000000e+003  1.2292001e+001 -9.9390708e+002
  5.4080000e+003  1.0967758e+001  5.3424521e+003  1.4302677e+007  2.9000000e+003  1.3903143e+001 -1.2556167e+004
  5.4240000e+003  1.0978823e+001  5.3552290e+003  1.4147882e+007  2.9000000e+003  1.5203208e+001 -7.8644817e+003
  5.4400000e+003  1.0994769e+001  5.3909451e+003  1.3867868e+007  2.9000000e+003  1.8277795e+001 -1.8708564e+004
  5.4560000e+003  1.1018525e+001  5.4208425e+003  1.3618463e+007  2.9000000e+003  1.9581018e+001 -1.3814241e+004
  5.4720000e+003  1.1044043e+001  5.4430677e+003  1.3410091e+007  2.9000000e+003  1.9845594e+001 -1.2550697e+004
  5.4880000e+003  1.1069796e+001  5.4633121e+003  1.3211880e+007  2.9000000e+003  1.9899008e+001 -1.2291693e+004
  5.5040000e+003  1.1089968e+001  5.4407505e+003  1.3248669e+007  2.9000000e+003  1.6410865e+001 -2.2086775e+003
  5.5200000e+003  1.1103778e+001  5.4383497e+003  1.3174871e+007  2.9000000e+003  1.5525678e+001 -1.7478788e+004
  5.5360000e+003  1.1123014e+001  5.4847370e+003  1.2831011e+007  2.9000000e+003  1.9048540e+001 -1.6259414e+004
  5.5520000e+003  1.1146978e+001  5.5024507e+003  1.2644891e+007  2.9000000e+003  1.9019247e+001  4.9423948e+003
  5.5680000e+003  1.1165547e+001  5.4906386e+003  1.2622634e+007  2.9000000e+003  1.6782982e+001 -5.3538367e+003
  5.5840000e+003  1.1181071e+001  5.4999681e+003  1.2482678e+007  2.9000000e+003  1.6965418e+001 -1.4392503e+004
  5.6000000e+003  1.1199156e+001  5.5189231e+003  1.2288512e+007  2.9000000e+003  1.7834660e+001 -1.0745466e+004
  5.6160000e+003  1.1215829e+001  5.4981138e+003  1.2317095e+007  2.9000000e+003  1.3693833e+001  1.5389514e+004
  5.6320000e+003  1.1215807e+001  5.4684316e+003  1.2396325e+007  2.9000000e+003  9.7356082e+000 -2.4814582e+002
  5.6480000e+003  1.1213902e+001  5.4886364e+003  1.2194693e+007  2.9000000e+003  1.3525419e+001 -2.0203061e+004
  5.6640000e+003  1.1225227e+001  5.5151485e+003  1.1956684e+007  2.9000000e+003  1.6229070e+001 -1.1284334e+004
  5.6800000e+003  1.1242273e+001  5.5488900e+003  1.1676756e+007  2.9000000e+003  1.8696457e+001 -1.7804282e+004
  5.6960000e+003  1.1264920e+001  5.5756472e+003  1.1435538e+007  2.9000000e+003  1.9667050e+001 -1.3406944e+004
  5.7120000e+003  1.1281252e+001  5.5378810e+003  1.1562086e+007  2.9000000e+003  1.3913675e+001  4.8531548e+003
  5.7280000e+003  1.1285195e+001  5.5223018e+003  1.1562733e+007  2.9000000e+003  1.1969766e+001 -2.5787040e+003
  5.7440000e+003  1.1282314e+001  5.4993400e+003  1.1606291e+007  2.9000000e+003  8.8582677e+000 -2.8407201e+002
  5.7600000e+003  1.1274240e+001  5.4882624e+003  1.1582120e+007  2.9000000e+003  8.0893436e+000 -1.8360017e+004
  5.7760000e+003  1.1282096e+001  5.5582250e+003  1.1090134e+007  2.9000000e+003  1.7584492e+001 -2.2300798e+004
  5.7920000e+003  1.1302726e+001  5.5912125e+003  1.0810106e+007  2.9000000e+003  1.9442671e+001 -1.4462182e+004
  5.8080000e+003  1.1325795e+001  5.6125870e+003  1.0596482e+007  2.9000000e+003  1.9817666e+001 -1.2685600e+004
  5.8240000e+003  1.1349251e+001  5.6313834e+003  1.0397192e+007  2.9000000e+003  1.9893369e+001 -1.2319096e+004
  5.8400000e+003  1.1372682e+001  5.6495750e+003  1.0200833e+007  2.9000000e+003  1.9908653e+001 -1.2244782e+004
  5.8560000e+003  1.1392546e+001  5.6262932e+003  1.0246800e+007  2.9000000e+003  1.3774674e+001  2.4333512e+004
  5.8720000e+003  1.1389315e+001  5.5882138e+003  1.0380421e+007  2.9000000e+003  8.0924407e+000  9.4095486e+002
  5.8880000e+003  1.1384162e+001  5.6216081e+003  1.0094350e+007  2.9000000e+003  1.4386919e+001 -3.1950800e+004
  5.9040000e+003  1.1399806e+001  5.6700532e+003  9.7183356e+006  2.9000000e+003  1.8797966e+001 -1.7364542e+004
  5.9200000e+003  1.1417119e+001  5.6529551e+003  9.7288529e+006  2.9000000e+003  1.5468689e+001  3.3672959e+003
  5.9360000e+003  1.1425140e+001  5.6409735e+003  9.7095405e+006  2.9000000e+003  1.3756438e+001 -3.7405671e+003
  5.9520000e+003  1.1426762e+001  5.6155280e+003  9.7707616e+006  2.9000000e+003  1.0073994e+001  1.2116663e+003
  5.9680000e+003  1.1421147e+001  5.6030142e+003  9.7556081e+006  2.9000000e+003  8.8921418e+000 -2.1364639e+003
  5.9840000e+003  1.1418295e+001  5.6127875e+003  9.6074671e+006  2.9000000e+003  1.1628641e+001 -7.5075755e+003
  6.0000000e+003  1.1420037e+001  5.6142828e+003  9.5086889e+006  2.9000000e+003  1.2334067e+001 -2.0184862e+004
  6.0160000e+003  1.1432724e+001  5.6695035e+003  9.0865973e+006  2.9000000e+003  1.8418036e+001 -1.8984351e+004
  6.0320000e+003  1.1453236e+001  5.6961045e+003  8.8354016e+006  2.9000000e+003  1.9610859e+001 -1.3673382e+004
  6.0480000e+003  1.1475214e+001  5.7152971e+003  8.6281680e+006  2.9000000e+003  1.9851618e+001 -1.2521550e+004
  6.0640000e+003  1.1497353e+001  5.7316402e+003  8.4376022e+006  2.9000000e+003  1.9787694e+001 -1.0780565e+004
  6.0800000e+003  1.1518899e+001  5.7462183e+003  8.2572463e+006  2.9000000e+003  1.9626189e+001 -1.1564094e+004
  6.0960000e+003  1.1539193e+001  5.7444501e+003  8.1760877e+006  2.9000000e+003  1.7883278e+001  1.6258833e+003
  6.1120000e+003  1.1553188e+001  5.7375443e+003  8.1263920e+006  2.9000000e+003  1.6295692e+001 -5.7601447e+003
  6.1280000e+003  1.1566723e+001  5.7614450e+003  7.8881036e+006  2.9000000e+003  1.8229582e+001 -1.9765144e+004
  6.1440000e+003  1.1586268e+001  5.7884051e+003  7.6302506e+006  2.9000000e+003  1.9572850e+001 -1.3852787e+004
  6.1600000e+003  1.1603213e+001  5.7653522e+003  7.6796648e+006  2.9000000e+003  1.5401117e+001  4.7329608e+003
  6.1760000e+003  1.1609898e+001  5.7516337e+003  7.6721583e+006  2.9000000e+003  1.3463181e+001 -3.3245831e+003
  6.1920000e+003  1.1618839e+001  5.7832004e+003  7.3846398e+006  2.9000000e+003  1.7162968e+001 -1.7526795e+004
  6.2080000e+003  1.1635200e+001  5.8049046e+003  7.1573470e+006  2.9000000e+003  1.8444848e+001 -1.2143927e+004
  6.2240000e+003  1.1646377e+001  5.7745610e+003  7.2533576e+006  2.9000000e+003  1.3860330e+001  7.1657278e+002
  6.2400000e+003  1.1650159e+001  5.7651417e+003  7.2197509e+006  2.9000000e+003  1.2683936e+001 -1.9118741e+004
  6.2560000e+003  1.1662220e+001  5.8166011e+003  6.8055271e+006  2.9000000e+003  1.8489095e+001 -1.8686527e+004
  6.2720000e+003  1.1680981e+001  5.8285719e+003  6.6373686e+006  2.9000000e+003  1.6417338e+001  3.0000000e+004
  6.2880000e+003  1.1675797e+001  5.7738371e+003  6.8883382e+006  2.9000000e+003  5.7006755e+000  2.6210349e+003
  6.3040000e+003  1.1658587e+001  5.7719748e+003  6.8076990e+006  2.9000000e+003  7.6499320e+000 -2.1288200e+004
  6.3200000e+003  1.1657652e+001  5.7992527e+003  6.5429240e+006  2.9000000e+003  1.3437759e+001 -1.1639080e+004
  6.3360000e+003  1.1662095e+001  5.7857249e+003  6.5358614e+006  2.9000000e+003  1.0965200e+001  9.3890466e+003
  6.3520000e+003  1.1655390e+001  5.7644111e+003  6.5786966e+006  2.9000000e+003  7.8358010e+000 -6.6593398e+002
  6.3680000e+003  1.1646589e+001  5.7651855e+003  6.4815337e+006  2.9000000e+003  9.7029826e+000 -8.8798058e+003
  6.3840000e+003  1.1643975e+001  5.7674866e+003  6.3745982e+006  2.9000000e+003  1.1136659e+001 -5.2529328e+003
  6.4000000e+003  1.1640654e+001  5.7504032e+003  6.3916693e+006  2.9000000e+003  8.6954034e+000  1.0681292e+003
  6.4160000e+003  1.1631485e+001  5.7380649e+003  6.3788375e+006  2.9000000e+003  7.5294050e+000 -1.8211744e+003
  6.4320000e+003  1.1620281e+001  5.7270017e+003  6.3581982e+006  2.9000000e+003  6.7312512e+000 -1.6760873e+003
  6.4480000e+003  1.1607785e+001  5.7176484e+003  6.3268855e+006  2.9000000e+003  6.4962889e+000 -2.1198276e+003
  6.4640000e+003  1.1592106e+001  5.7026211e+003  6.3325547e+006  2.9000000e+003  4.2446098e+000 -8.3485183e+002
  6.4800000e+003  1.1573075e+001  5.6912007e+003  6.3153283e+006  2.9000000e+003  3.3427120e+000  7.0648976e+002
  6.4960000e+003  1.1548645e+001  5.6782461e+003  6.3084349e+006  2.9000000e+003  6.5721742e-001 -1.1828176e+003
  6.5120000e+003  1.1521060e+001  5.6673507e+003  6.2885450e+006  2.9000000e+003  1.1935703e-001 -1.2582447e+003
  6.5280000e+003  1.1492951e+001  5.6565390e+003  6.2684572e+006  2.9000000e+003  1.0750770e-002 -1.2530153e+003
  6.5440000e+003  1.1464853e+001  5.6457707e+003  6.2484308e+006  2.9000000e+003 -7.7280103e-003 -1.2507916e+003
  6.5600000e+003  1.1436868e+001  5.6350524e+003  6.2284214e+006  2.9000000e+003 -1.2155946e-002 -1.2504631e+003
  6.5760000e+003  1.1409015e+001  5.6243858e+003  6.2084147e+006  2.9000000e+003 -1.3049780e-002 -1.2503954e+003
  6.5920000e+003  1.1381295e+001  5.6137709e+003  6.1884085e+006  2.9000000e+003 -1.3230242e-002 -1.2503817e+003
  6.6080000e+003  1.1353710e+001  5.6032074e+003  6.1684024e+006  2.9000000e+003 -1.3266677e-002 -1.2503789e+003
  6.6240000e+003  1.1326257e+001  5.5926949e+003  6.1483964e+006  2.9000000e+003 -1.3274033e-002 -1.2503784e+003
  6.6400000e+003  1.1298937e+001  5.5822331e+003  6.1283903e+006  2.9000000e+003 -1.3275518e-002 -1.2503783e+003
  6.6560000e+003  1.1271748e+001  5.5718215e+003  6.1083843e+006  2.9000000e+003 -1.3275818e-002 -1.2503782e+003
  6.6720000e+003  1.1244690e+001  5.5614599e+003  6.0883782e+006  2.9000000e+003 -1.3275878e-002 -1.2503782e+003
  6.6880000e+003  1.1217761e+001  5.5511478e+003  6.0683722e+006  2.9000000e+003 -1.3275890e-002 -1.2503782e+003
  6.7040000e+003  1.1190961e+001  5.5408850e+003  6.0483661e+006  2.9000000e+003 -1.3275893e-002 -1.2503782e+003
  6.7200000e+003  1.1164288e+001  5.5306710e+003  6.0283602e+006  2.7000000e+003 -1.3162877e-002 -1.2502526e+003
  6.7360000e+003  1.1137742e+001  5.5205052e+003  6.0083562e+006  2.7000000e+003 -1.3148181e-002 -1.2502521e+003
  6.7520000e+003  1.1111322e+001  5.5103877e+003  5.9883522e+006  2.7000000e+003 -1.3148181e-002 -1.2502521e+003
  6.7680000e+003  1.1085027e+001  5.5003179e+003  5.9683481e+006  2.7000000e+003 -1.3148181e-002 -1.2502521e+003
  6.7840000e+003  1.1058856e+001  5.4879375e+003  5.9643441e+006  2.7000000e+003 -1.3148181e-002  2.7497479e+003
  6.8000000e+003  1.1032808e+001  5.4685576e+003  6.0083401e+006  2.7000000e+003 -1.3148181e-002  2.7497479e+003
  6.8160000e+003  1.1006882e+001  5.4492686e+003  6.0523360e+006  2.7000000e+003 -1.3148181e-002  2.7497479e+003
  6.8320000e+003  1.0981078e+001  5.4300700e+003  6.0963320e+006  2.7000000e+003 -1.3148181e-002  2.7497479e+003
  6.8480000e+003  1.0955395e+001  5.4109610e+003  6.1403280e+006  2.7000000e+003 -1.3148181e-002  2.7497479e+003
  6.8640000e+003  1.0929831e+001  5.3919412e+003  6.1843239e+006  2.7000000e+003 -1.3148181e-002  2.7497479e+003
  6.8800000e+003  1.0904385e+001  5.3730098e+003  6.2283199e+006  2.7000000e+003 -1.3148181e-002  2.7497479e+003
  6.8960000e+003  1.0879058e+001  5.3541662e+003  6.2723159e+006  2.7000000e+003 -1.3148181e-002  2.7497479e+003
  6.9120000e+003  1.0853849e+001  5.3354098e+003  6.3163118e+006  2.7000000e+003 -1.3148181e-002  2.7497479e+003
  6.9280000e+003  1.0828755e+001  5.3167401e+003  6.3603078e+006  2.7000000e+003 -1.3148181e-002  2.7497479e+003
  6.9440000e+003  1.0803778e+001  5.2981564e+003  6.4043038e+006  2.7000000e+003 -1.3148181e-002  2.7497479e+003
  6.9600000e+003  1.0778915e+001  5.2796581e+003  6.4482997e+006  2.7000000e+003 -1.3148181e-002  2.7497479e+003
  6.9760000e+003  1.0754166e+001  5.2612447e+003  6.4922957e+006  2.7000000e+003 -1.3148181e-002  2.7497479e+003
  6.9920000e+003  1.0729530e+001  5.2429155e+003  6.5362917e+006  2.7000000e+003 -1.3148181e-002  2.7497479e+003
  7.0080000e+003  1.0705007e+001  5.2246700e+003  6.5802876e+006  2.7000000e+003 -1.3148181e-002  2.7497479e+003
  7.0240000e+003  1.0680595e+001  5.2065077e+003  6.6242836e+006  2.7000000e+003 -1.3148181e-002  2.7497479e+003
  7.0400000e+003  1.0656295e+001  5.1884278e+003  6.6682796e+006  2.7000000e+003 -1.3148181e-002  2.7497479e+003
  7.0560000e+003  1.0632105e+001  5.1704300e+003  6.7122755e+006  2.7000000e+003 -1.3148181e-002  2.7497479e+003
  7.0720000e+003  1.0608024e+001  5.1525136e+003  6.7562715e+006  2.7000000e+003 -1.3148181e-002  2.7497479e+003
  7.0880000e+003  1.0584052e+001  5.1346780e+003  6.8002675e+006  2.7000000e+003 -1.3148181e-002  2.7497479e+003
  7.1040000e+003  1.0560187e+001  5.1169228e+003  6.8442634e+006  2.7000000e+003 -1.3148181e-002  2.7497479e+003
  7.1200000e+003  1.0536430e+001  5.0992474e+003  6.8882594e+006  2.7000000e+003 -1.3148181e-002  2.7497479e+003
  7.1360000e+003  1.0512780e+001  5.0816512e+003  6.9322554e+006  2.7000000e+003 -1.3148181e-002  2.7497479e+003
  7.1520000e+003  1.0489235e+001  5.0641337e+003  6.9762514e+006  2.7000000e+003 -1.3148181e-002  2.7497479e+003
  7.1680000e+003  1.0465796e+001  5.0466945e+003  7.0202473e+006  2.7000000e+003 -1.3148181e-002  2.7497479e+003
  7.1840000e+003  1.0442461e+001  5.0293329e+003  7.0642433e+006  2.7000000e+003 -1.3148181e-002  2.7497479e+003
  7.2000000e+003  1.0419229e+001  5.0120484e+003  7.1082393e+006  2.7000000e+003 -1.3148181e-002  2.7497479e+003
  7.2160000e+003  1.0396101e+001  4.9948406e+003  7.1522352e+006  2.7000000e+003 -1.3148181e-002  2.7497479e+003
  7.2320000e+003  1.0373075e+001  4.9777089e+003  7.1962312e+006  2.7000000e+003 -1.3148181e-002  2.7497479e+003
  7.2480000e+003  1.0350150e+001  4.9606529e+003  7.2402272e+006  2.7000000e+003 -1.3148181e-002  2.7497479e+003
  7.2640000e+003  1.0327327e+001  4.9436720e+003  7.2842231e+006  2.7000000e+003 -1.3148181e-002  2.7497479e+003
  7.2800000e+003  1.0304603e+001  4.9267657e+003  7.3282191e+006  2.7000000e+003 -1.3148181e-002  2.7497479e+003
  7.2960000e+003  1.0281980e+001  4.9099335e+003  7.3722151e+006  2.7000000e+003 -1.3148181e-002  2.7497479e+003
  7.3120000e+003  1.0259455e+001  4.8931750e+003  7.4162110e+006  2.7000000e+003 -1.3148181e-002  2.7497479e+003
  7.3280000e+003  1.0237029e+001  4.8764897e+003  7.4602070e+006  2.7000000e+003 -1.3148181e-002  2.7497479e+003
  7.3440000e+003  1.0214701e+001  4.8598771e+003  7.5042030e+006  2.7000000e+003 -1.3148181e-002  2.7497479e+003
  7.3600000e+003  1.0192469e+001  4.8433366e+003  7.5481989e+006  2.7000000e+003 -1.3148181e-002  2.7497479e+003
  7.3760000e+003  1.0170334e+001  4.8268680e+003  7.5921949e+006  2.7000000e+003 -1.3148181e-002  2.7497479e+003
  7.3920000e+003  1.0148295e+001  4.8104706e+003  7.6361909e+006  2.7000000e+003 -1.3148181e-002  2.7497479e+003
  7.4080000e+003  1.0126351e+001  4.7941440e+003  7.6801868e+006  2.7000000e+003 -1.3148181e-002  2.7497479e+003
  7.4240000e+003  1.0104502e+001  4.7778878e+003  7.7241828e+006  2.7000000e+003 -1.3148181e-002  2.7497479e+003
  7.4400000e+003  1.0082746e+001  4.7617016e+003  7.7681788e+006  2.7000000e+003 -1.3148181e-002  2.7497479e+003
  7.4560000e+003  1.0061084e+001  4.7455847e+003  7.8121747e+006  2.7000000e+003 -1.3148181e-002  2.7497479e+003
  7.4720000e+003  1.0039515e+001  4.7295369e+003  7.8561707e+006  2.7000000e+003 -1.3148181e-002  2.7497479e+003
  7.4880000e+003  1.0018037e+001  4.7135577e+003  7.9001667e+006  2.7000000e+003 -1.3148181e-002  2.7497479e+003
  7.5040000e+003  9.9966518e+000  4.6976466e+003  7.9441626e+006  2.7000000e+003 -1.3148181e-002  2.7497479e+003
  7.5200000e+003  9.9753572e+000  4.6818031e+003  7.9881586e+006  2.7000000e+003 -1.3148181e-002  2.7497479e+003
  7.5360000e+003  9.9541530e+000  4.6660270e+003  8.0321546e+006  2.7000000e+003 -1.3148181e-002  2.7497479e+003
  7.5520000e+003  9.9330386e+000  4.6503177e+003  8.0761505e+006  2.7000000e+003 -1.3148181e-002  2.7497479e+003
  7.5680000e+003  9.9120135e+000  4.6346748e+003  8.1201465e+006  2.7000000e+003 -1.3148181e-002  2.7497479e+003
  7.5840000e+003  9.8910771e+000  4.6190979e+003  8.1641425e+006  2.7000000e+003 -1.3148181e-002  2.7497479e+003
  7.6000000e+003  9.8702289e+000  4.6035866e+003  8.2081384e+006  2.7000000e+003 -1.3148181e-002  2.7497479e+003
  7.6160000e+003  9.8494682e+000  4.5881404e+003  8.2521344e+006  2.7000000e+003 -1.3148181e-002  2.7497479e+003
  7.6320000e+003  9.8287946e+000  4.5727590e+003  8.2961304e+006  2.7000000e+003 -1.3148181e-002  2.7497479e+003
  7.6480000e+003  9.8082074e+000  4.5574420e+003  8.3401263e+006  2.7000000e+003 -1.3148181e-002  2.7497479e+003
  7.6640000e+003  9.7877062e+000  4.5421889e+003  8.3841223e+006  2.7000000e+003 -1.3148181e-002  2.7497479e+003
  7.6800000e+003  9.7672904e+000  4.5269993e+003  8.4281183e+006  2.7000000e+003 -1.3148181e-002  2.7497479e+003
  7.6960000e+003  9.7469595e+000  4.5118729e+003  8.4721142e+006  2.7000000e+003 -1.3148181e-002  2.7497479e+003
  7.7120000e+003  9.7267130e+000  4.4968093e+003  8.5161102e+006  2.7000000e+003 -1.3148181e-002  2.7497479e+003
  7.7280000e+003  9.7065502e+000  4.4818080e+003  8.5601062e+006  2.7000000e+003 -1.3148181e-002  2.7497479e+003
  7.7440000e+003  9.6864708e+000  4.4668687e+003  8.6041021e+006  2.7000000e+003 -1.3148181e-002  2.7497479e+003
  7.7600000e+003  9.6664742e+000  4.4519910e+003  8.6480981e+006  2.7000000e+003 -1.3148181e-002  2.7497479e+003
  7.7760000e+003  9.6465598e+000  4.4371745e+003  8.6920941e+006  2.7000000e+003 -1.3148181e-002  2.7497479e+003
  7.7920000e+003  9.6267272e+000  4.4224188e+003  8.7360900e+006  2.7000000e+003 -1.3148181e-002  2.7497479e+003
  7.8080000e+003  9.6069759e+000  4.4077237e+003  8.7800860e+006  2.7000000e+003 -1.3148181e-002  2.7497479e+003
  7.8240000e+003  9.5873054e+000  4.3930886e+003  8.8240820e+006  2.7000000e+003 -1.3148181e-002  2.7497479e+003
  7.8400000e+003  9.5677151e+000  4.3785132e+003  8.8680779e+006  2.7000000e+003 -1.3148181e-002  2.7497479e+003
  7.8560000e+003  9.5482046e+000  4.3639972e+003  8.9120739e+006  2.7000000e+003 -1.3148181e-002  2.7497479e+003
  7.8720000e+003  9.5287735e+000  4.3495402e+003  8.9560699e+006  2.7000000e+003 -1.3148181e-002  2.7497479e+003
  7.8880000e+003  9.5094211e+000  4.3351419e+003  9.0000658e+006  2.7000000e+003 -1.3148181e-002  2.7497479e+003
  7.9040000e+003  9.4901471e+000  4.3208018e+003  9.0440618e+006  2.7000000e+003 -1.3148181e-002  2.7497479e+003
  7.9200000e+003  9.4709509e+000  4.3065197e+003  9.0880578e+006  2.7000000e+003 -1.3148181e-002  2.7497479e+003
  7.9360000e+003  9.4518322e+000  4.2922951e+003  9.1320537e+006  2.7000000e+003 -1.3148181e-002  2.7497479e+003
  7.9520000e+003  9.4327903e+000  4.2781278e+003  9.1760497e+006  2.7000000e+003 -1.3148181e-002  2.7497479e+003
  7.9680000e+003  9.4138250e+000  4.2640174e+003  9.2200457e+006  2.7000000e+003 -1.3148181e-002  2.7497479e+003
  7.9840000e+003  9.3949356e+000  4.2499635e+003  9.2640416e+006  2.7000000e+003 -1.3148181e-002  2.7497479e+003
  8.0000000e+003  9.3761218e+000  4.2359658e+003  9.3080376e+006  2.7000000e+003 -1.3148181e-002  2.7497479e+003
