  0.0000000e+000  0.0000000e+000  0.0000000e+000  4.3200000e+007  3.5000000e+003  0.0000000e+000 -2.5000000e+002
  1.6000000e+001  6.2305232e+000  1.5733844e+004  4.2932525e+007  3.5000000e+003  1.0595937e+001 -1.3713129e+004
  3.2000000e+001  8.9768331e+000  1.1796857e+004  4.2810704e+007  3.5000000e+003  1.2121100e+001  4.8971167e+003
  4.8000000e+001  9.6843221e+000  7.5652320e+003  4.2829304e+007  3.5000000e+003  1.0570871e+001 -1.1608328e+003
  6.4000000e+001  9.8633070e+000  6.3309663e+003  4.2788487e+007  3.5000000e+003  1.0529207e+001 -4.4505741e+003
  8.0000000e+001  1.0037810e+001  5.8090273e+003  4.2729469e+007  3.5000000e+003  1.0875264e+001 -3.2259950e+003
  9.6000000e+001  1.0136458e+001  4.7936374e+003  4.2735017e+007  3.5000000e+003  9.5748457e+000  3.3621411e+003
  1.1200000e+002  9.9455382e+000  4.0243955e+003  4.2745243e+007  3.5000000e+003  8.3221461e+000 -8.4797928e+002
  1.2800000e+002  9.8584586e+000  4.8846472e+003  4.2569881e+007  3.5000000e+003  1.1854624e+001 -1.6737280e+004
  1.4400000e+002  1.0239049e+001  5.6132032e+003  4.2386086e+007  3.5000000e+003  1.4168057e+001 -7.9705331e+003
  1.6000000e+002  1.0550768e+001  4.7617682e+003  4.2433355e+007  3.5000000e+003  1.1679548e+001  3.5371291e+003
  1.7600000e+002  1.0582943e+001  4.3001828e+003  4.2438868e+007  3.5000000e+003  1.0448810e+001 -1.4290594e+003
  1.9200000e+002  1.0688708e+001  5.0042116e+003  4.2234187e+007  3.5000000e+003  1.3658315e+001 -1.1693132e+004
  2.0800000e+002  1.0968963e+001  5.2855994e+003  4.2095310e+007  3.5000000e+003  1.4759000e+001 -6.8032894e+003
  2.2400000e+002  1.1122068e+001  4.5459498e+003  4.2177161e+007  3.5000000e+003  1.1701566e+001  1.0976657e+003
  2.4000000e+002  1.1127740e+001  4.3046578e+003  4.2162577e+007  3.5000000e+003  1.0914771e+001 -5.6445820e+003
  2.5600000e+002  1.1162554e+001  4.4499998e+003  4.2056350e+007  3.5000000e+003  1.2131271e+001 -4.8894983e+003
  2.7200000e+002  1.1223776e+001  4.2710382e+003  4.2034007e+007  3.5000000e+003  1.1097180e+001  1.7411087e+004
  2.8800000e+002  1.1071565e+001  3.6599569e+003  4.2142272e+007  3.5000000e+003  6.9341160e+000  1.2943566e+003
  3.0400000e+002  1.0832010e+001  3.5299211e+003  4.2123374e+007  3.5000000e+003  6.8230621e+000 -4.5020384e+003
  3.2000000e+002  1.0661435e+001  3.5140446e+003  4.2071992e+007  3.5000000e+003  7.7565628e+000 -2.3737962e+003
  3.3600000e+002  1.0554111e+001  3.7311462e+003  4.1942604e+007  3.5000000e+003  1.0490668e+001 -1.4964021e+004
  3.5200000e+002  1.0619270e+001  4.0239007e+003  4.1779563e+007  3.5000000e+003  1.2880328e+001 -6.9254010e+003
  3.6800000e+002  1.0693566e+001  3.7295942e+003  4.1823780e+007  3.5000000e+003  1.0381761e+001  5.9842945e+003
  3.8400000e+002  1.0634495e+001  3.5011831e+003  4.1852045e+007  3.5000000e+003  8.6147935e+000 -4.8531246e+002
  4.0000000e+002  1.0577182e+001  3.6191690e+003  4.1748713e+007  3.5000000e+003  1.0455867e+001 -7.2753394e+003
  4.1600000e+002  1.0594517e+001  3.6846599e+003  4.1663497e+007  3.5000000e+003  1.1368450e+001 -4.1066522e+003
  4.3200000e+002  1.0596175e+001  3.4969522e+003  4.1685820e+007  3.5000000e+003  9.6870186e+000  3.4364220e+002
  4.4800000e+002  1.0550704e+001  3.4044067e+003  4.1671421e+007  3.5000000e+003  9.1027592e+000 -1.6097048e+003
  4.6400000e+002  1.0507293e+001  3.3904496e+003  4.1623441e+007  3.5000000e+003  9.4654714e+000 -2.7037131e+003
  4.8000000e+002  1.0474696e+001  3.3602596e+003  4.1583715e+007  3.5000000e+003  9.5640746e+000 -2.5000000e+002
  4.9600000e+002  1.0389663e+001  3.2601305e+003  4.1579715e+007  3.5000000e+003  6.8338749e+000 -2.5000000e+002
  5.1200000e+002  1.0268343e+001  3.1777738e+003  4.1569802e+007  3.5000000e+003  6.3413297e+000 -1.3679546e+003
  5.2800000e+002  1.0150247e+001  3.1221145e+003  4.1548401e+007  3.5000000e+003  6.3765894e+000 -1.3080260e+003
  5.4400000e+002  1.0048013e+001  3.1932574e+003  4.1459675e+007  3.5000000e+003  8.5723646e+000 -1.6109219e+004
  5.6000000e+002  1.0065705e+001  3.4169972e+003  4.1283065e+007  3.5000000e+003  1.1906962e+001 -7.1473008e+003
  5.7600000e+002  1.0120748e+001  3.4288494e+003  4.1221554e+007  3.5000000e+003  1.1233224e+001 -2.5000000e+002
  5.9200000e+002  1.0131985e+001  3.3513035e+003  4.1212677e+007  3.5000000e+003  1.0125061e+001 -1.3958131e+003
  6.0800000e+002  1.0119168e+001  3.2889010e+003  4.1197059e+007  3.5000000e+003  8.7080923e+000 -2.5000000e+002
  6.2400000e+002  1.0070323e+001  3.2181651e+003  4.1188647e+007  3.5000000e+003  7.9167436e+000 -1.0945954e+003
  6.4000000e+002  1.0014623e+001  3.1750360e+003  4.1164802e+007  3.5000000e+003  7.8180185e+000 -1.6509285e+003
  6.5600000e+002  9.9610537e+000  3.1381206e+003  4.1138255e+007  3.5000000e+003  7.8131219e+000 -1.6640989e+003
  6.7200000e+002  9.9448484e+000  3.2935791e+003  4.0983421e+007  3.5000000e+003  1.1051521e+001 -8.6337960e+003
  6.8800000e+002  9.9862680e+000  3.3612921e+003  4.0884070e+007  3.5000000e+003  1.2129494e+001 -4.6830688e+003
  7.0400000e+002  1.0013852e+001  3.3036821e+003  4.0870904e+007  3.5000000e+003  1.0381999e+001 -3.3847877e+002
  7.2000000e+002  1.0015691e+001  3.2607231e+003  4.0849019e+007  3.5000000e+003  9.9277118e+000 -5.0272169e+003
  7.3600000e+002  1.0030285e+001  3.3147922e+003  4.0756998e+007  3.5000000e+003  1.1126051e+001 -4.1664003e+003
  7.5200000e+002  1.0056620e+001  3.3175906e+003  4.0701854e+007  3.5000000e+003  1.1296536e+001 -2.1558903e+003
  7.6800000e+002  1.0080256e+001  3.3007261e+003  4.0661742e+007  3.5000000e+003  1.1131781e+001 -2.7433566e+003
  7.8400000e+002  1.0102199e+001  3.3106443e+003  4.0601144e+007  3.5000000e+003  1.1447564e+001 -5.9520081e+003
  8.0000000e+002  1.0135658e+001  3.3384855e+003  4.0525873e+007  3.5000000e+003  1.1972138e+001 -3.9412066e+003
  8.1600000e+002  1.0171042e+001  3.3231181e+003  4.0485012e+007  3.5000000e+003  1.1612928e+001 -8.9072085e+002
  8.3200000e+002  1.0193810e+001  3.2961149e+003  4.0454336e+007  3.5000000e+003  1.1204541e+001 -2.5116297e+003
  8.4800000e+002  1.0197065e+001  3.2611787e+003  4.0431259e+007  3.5000000e+003  8.3659569e+000 -2.5000000e+002
  8.6400000e+002  1.0142977e+001  3.2054806e+003  4.0427259e+007  3.5000000e+003  6.6253288e+000 -2.5000000e+002
  8.8000000e+002  1.0095784e+001  3.2756609e+003  4.0314143e+007  3.5000000e+003  9.3768902e+000 -8.1847748e+003
  8.9600000e+002  1.0097737e+001  3.3188291e+003  4.0223010e+007  3.5000000e+003  1.0695898e+001 -4.0846702e+003
  9.1200000e+002  1.0122995e+001  3.4014983e+003  4.0094432e+007  3.5000000e+003  1.2454915e+001 -6.8905384e+003
  9.2800000e+002  1.0169114e+001  3.4371268e+003  4.0006909e+007  3.5000000e+003  1.3005609e+001 -4.6054148e+003
  9.4400000e+002  1.0210538e+001  3.4083898e+003  3.9979072e+007  3.5000000e+003  1.2268212e+001 -2.3653442e+003
  9.6000000e+002  1.0242783e+001  3.3994207e+003  3.9933157e+007  3.5000000e+003  1.2075553e+001 -2.5000000e+002
  9.7600000e+002  1.0199300e+001  3.3478437e+003  3.9929157e+007  3.5000000e+003  4.9889896e+000 -2.5000000e+002
  9.9200000e+002  1.0102277e+001  3.3213127e+003  3.9901937e+007  3.5000000e+003  4.7480125e+000 -9.9538298e+003
  1.0080000e+003  1.0052807e+001  3.3977569e+003  3.9771663e+007  3.5000000e+003  8.2930340e+000 -5.7778209e+003
  1.0240000e+003  1.0032190e+001  3.4149689e+003  3.9699657e+007  3.5000000e+003  8.9544147e+000 -3.5326399e+003
  1.0400000e+003  1.0016305e+001  3.4147687e+003  3.9645226e+007  3.5000000e+003  9.0248808e+000 -3.3244048e+003
  1.0560000e+003  1.0004055e+001  3.4434913e+003  3.9560230e+007  3.5000000e+003  9.8772420e+000 -7.4184650e+003
  1.0720000e+003  1.0009445e+001  3.4798634e+003  3.9466107e+007  3.5000000e+003  1.0654610e+001 -4.9267180e+003
  1.0880000e+003  1.0014872e+001  3.4658415e+003  3.9425699e+007  3.5000000e+003  9.4996162e+000 -2.5000000e+002
  1.1040000e+003  1.0000241e+001  3.4380935e+003  3.9400907e+007  3.5000000e+003  8.7109892e+000 -2.4465958e+003
  1.1200000e+003  9.9852361e+000  3.4590402e+003  3.9322416e+007  3.5000000e+003  9.4719362e+000 -5.2233040e+003
  1.1360000e+003  9.9813726e+000  3.4735507e+003  3.9250573e+007  3.5000000e+003  9.8521119e+000 -4.0445306e+003
  1.1520000e+003  1.0000365e+001  3.6167416e+003  3.9029897e+007  3.5000000e+003  1.3130103e+001 -1.2610663e+004
  1.1680000e+003  1.0052492e+001  3.7015867e+003  3.8872845e+007  3.5000000e+003  1.4211023e+001 -8.0708470e+003
  1.1840000e+003  1.0098611e+001  3.6830095e+003  3.8835634e+007  3.5000000e+003  1.2803671e+001 -3.4350631e+003
  1.2000000e+003  1.0131560e+001  3.6940322e+003  3.8763467e+007  3.5000000e+003  1.2435049e+001 -1.2008352e+003
  1.2160000e+003  1.0150303e+001  3.6658451e+003  3.8738667e+007  3.5000000e+003  1.1049490e+001 -3.1094196e+003
  1.2320000e+003  1.0159262e+001  3.6606818e+003  3.8686379e+007  3.5000000e+003  1.0123248e+001 -2.5000000e+002
  1.2480000e+003  1.0140890e+001  3.6186958e+003  3.8680249e+007  3.5000000e+003  7.9038041e+000 -1.1384723e+003
  1.2640000e+003  1.0110435e+001  3.6175472e+003  3.8623803e+007  3.5000000e+003  8.2866886e+000 -7.7416263e+003
  1.2800000e+003  1.0096849e+001  3.6459159e+003  3.8529582e+007  3.5000000e+003  9.4576992e+000 -4.6786322e+003
  1.2960000e+003  1.0091519e+001  3.6618559e+003  3.8450573e+007  3.5000000e+003  9.9790600e+000 -5.3960334e+003
  1.3120000e+003  1.0092533e+001  3.6753429e+003  3.8374275e+007  3.5000000e+003  1.0290482e+001 -4.3898463e+003
  1.3280000e+003  1.0091561e+001  3.6591496e+003  3.8336990e+007  3.5000000e+003  9.2382434e+000 -4.6147594e+002
  1.3440000e+003  1.0076296e+001  3.6370955e+003  3.8308107e+007  3.5000000e+003  8.5536906e+000 -2.5641383e+003
  1.3600000e+003  1.0059095e+001  3.6379269e+003  3.8248781e+007  3.5000000e+003  8.8137003e+000 -3.9029832e+003
  1.3760000e+003  1.0045723e+001  3.6378689e+003  3.8190655e+007  3.5000000e+003  8.9642480e+000 -3.4711905e+003
  1.3920000e+003  1.0041304e+001  3.6803238e+003  3.8073309e+007  3.5000000e+003  1.0491175e+001 -6.7575751e+003
  1.4080000e+003  1.0050009e+001  3.7032785e+003  3.7982081e+007  3.5000000e+003  1.0995513e+001 -5.0566994e+003
  1.4240000e+003  1.0076212e+001  3.8089791e+003  3.7772205e+007  3.5000000e+003  1.3541607e+001 -1.0598603e+004
  1.4400000e+003  1.0119151e+001  3.8654716e+003  3.7629855e+007  3.5000000e+003  1.4181382e+001 -2.5000000e+002
  1.4560000e+003  1.0101617e+001  3.8257684e+003  3.7625855e+007  3.5000000e+003  5.2499408e+000 -2.5000000e+002
  1.4720000e+003  1.0037413e+001  3.7957968e+003  3.7608791e+007  3.5000000e+003  4.2348854e+000 -5.7376328e+003
  1.4880000e+003  9.9892491e+000  3.8046276e+003  3.7534909e+007  3.5000000e+003  6.3288388e+000 -3.4493074e+003
  1.5040000e+003  9.9560575e+000  3.8466743e+003  3.7410755e+007  3.5000000e+003  8.8817360e+000 -1.9762388e+004
  1.5200000e+003  9.9112767e+000  3.8431810e+003  3.7354522e+007  3.5000000e+003  2.3167877e+000 -2.5000000e+002
  1.5360000e+003  9.8198208e+000  3.8063979e+003  3.7349566e+007  3.5000000e+003  4.2006661e-001 -3.7998909e+002
  1.5520000e+003  9.7205001e+000  3.7706765e+003  3.7344139e+007  3.5000000e+003  3.6987320e-002 -3.0256666e+002
  1.5680000e+003  9.6212758e+000  3.7351190e+003  3.7339598e+007  3.5000000e+003 -3.7503619e-002 -2.7263852e+002
  1.5840000e+003  9.5236750e+000  3.7001295e+003  3.7335295e+007  3.5000000e+003 -5.3120159e-002 -2.6678361e+002
  1.6000000e+003  9.4279470e+000  3.6658100e+003  3.7331038e+007  3.5000000e+003 -5.6273100e-002 -2.6558096e+002
  1.6160000e+003  9.3340980e+000  3.6321636e+003  3.7326791e+007  3.5000000e+003 -5.6909669e-002 -2.6533732e+002
  1.6320000e+003  9.2420849e+000  3.5991755e+003  3.7322546e+007  3.5000000e+003 -5.7038191e-002 -2.6528809e+002
  1.6480000e+003  9.1518567e+000  3.5668272e+003  3.7318302e+007  3.5000000e+003 -5.7064139e-002 -2.6527815e+002
  1.6640000e+003  9.0633626e+000  3.5351006e+003  3.7314058e+007  3.5000000e+003 -5.7069378e-002 -2.6527614e+002
  1.6800000e+003  8.9765530e+000  3.5039779e+003  3.7309813e+007  3.5000000e+003 -5.7070435e-002 -2.6527574e+002
  1.6960000e+003  8.8913803e+000  3.4757992e+003  3.7301569e+007  3.5000000e+003 -5.7070649e-002 -4.2652757e+003
  1.7120000e+003  8.8077988e+000  3.4831732e+003  3.7233324e+007  3.5000000e+003 -5.7070692e-002 -4.2652756e+003
  1.7280000e+003  8.7257641e+000  3.4904107e+003  3.7165080e+007  3.5000000e+003 -5.7070701e-002 -4.2652756e+003
  1.7440000e+003  8.6452338e+000  3.4975155e+003  3.7096835e+007  3.5000000e+003 -5.7070702e-002 -4.2652756e+003
  1.7600000e+003  8.5661676e+000  3.5044660e+003  3.7028635e+007  3.3000000e+003 -5.6984149e-002 -4.2622159e+003
  1.7760000e+003  8.4885252e+000  3.5112887e+003  3.6960440e+007  3.3000000e+003 -5.6984149e-002 -4.2622159e+003
  1.7920000e+003  8.4122686e+000  3.5179897e+003  3.6892245e+007  3.3000000e+003 -5.6984149e-002 -4.2622159e+003
  1.8080000e+003  8.3402381e+000  3.5523125e+003  3.6773867e+007  3.3000000e+003  3.8440184e+000 -2.9240896e+004
  1.8240000e+003  8.3540608e+000  3.7844459e+003  3.6293386e+007  3.3000000e+003  1.3459870e+001 -2.4612225e+004
  1.8400000e+003  8.3985769e+000  3.8512983e+003  3.6109760e+007  3.3000000e+003  1.2143914e+001 -5.6009795e+003
  1.8560000e+003  8.4250999e+000  3.8875306e+003  3.5980856e+007  3.3000000e+003  1.1081703e+001 -9.4298223e+003
  1.8720000e+003  8.4408248e+000  3.9091971e+003  3.5878074e+007  3.3000000e+003  9.3629410e+000 -6.8727604e+003
  1.8880000e+003  8.4457911e+000  3.9390816e+003  3.5759075e+007  3.3000000e+003  8.8530035e+000 -6.1733170e+003
  1.9040000e+003  8.4532039e+000  3.9617661e+003  3.5652836e+007  3.3000000e+003  9.7299313e+000 -5.5205587e+003
  1.9200000e+003  8.4649833e+000  3.9710777e+003  3.5571560e+007  3.3000000e+003  9.9489608e+000 -4.2500000e+003
  1.9360000e+003  8.4743244e+000  3.9733816e+003  3.5503560e+007  3.3000000e+003  9.3923409e+000 -4.2500000e+003
  1.9520000e+003  8.4814503e+000  3.9821678e+003  3.5422826e+007  3.3000000e+003  9.6337148e+000 -9.2855027e+003
  1.9680000e+003  8.4966358e+000  4.0093952e+003  3.5305501e+007  3.3000000e+003  1.0770774e+001 -5.9449070e+003
  1.9840000e+003  8.5173681e+000  4.0466300e+003  3.5167440e+007  3.3000000e+003  1.2180454e+001 -1.5558797e+004
  2.0000000e+003  8.5559342e+000  4.1049298e+003  3.4986035e+007  3.3000000e+003  1.4026229e+001 -8.5849329e+003
  2.0160000e+003  8.5956759e+000  4.1238526e+003  3.4882189e+007  3.3000000e+003  1.1040896e+001 -4.2500000e+003
  2.0320000e+003  8.5999428e+000  4.1248454e+003  3.4814189e+007  3.3000000e+003  8.0105641e+000 -4.2500000e+003
  2.0480000e+003  8.6002280e+000  4.1829004e+003  3.4629237e+007  3.3000000e+003  1.0938836e+001 -1.5315180e+004
  2.0640000e+003  8.6285074e+000  4.2359877e+003  3.4452685e+007  3.3000000e+003  1.3026586e+001 -8.1875889e+003
  2.0800000e+003  8.6706511e+000  4.3182716e+003  3.4213677e+007  3.3000000e+003  1.5676241e+001 -1.4973119e+004
  2.0960000e+003  8.7292925e+000  4.3751105e+003  3.4025393e+007  3.3000000e+003  1.6759183e+001 -9.7886110e+003
  2.1120000e+003  8.7805490e+000  4.3841823e+003  3.3936223e+007  3.3000000e+003  1.3890083e+001 -4.2500000e+003
  2.1280000e+003  8.8143022e+000  4.3833177e+003  3.3867917e+007  3.3000000e+003  1.2905538e+001 -4.5135536e+003
  2.1440000e+003  8.8514449e+000  4.4349762e+003  3.3686976e+007  3.3000000e+003  1.4576609e+001 -9.4080967e+003
  2.1600000e+003  8.8958501e+000  4.4626557e+003  3.3556201e+007  3.3000000e+003  1.5010239e+001 -4.2500000e+003
  2.1760000e+003  8.9286082e+000  4.4610928e+003  3.3488201e+007  3.3000000e+003  1.2396756e+001 -4.2500000e+003
  2.1920000e+003  8.9522359e+000  4.4890417e+003  3.3355531e+007  3.3000000e+003  1.3480974e+001 -3.6937194e+004
  2.2080000e+003  9.0086493e+000  4.6535810e+003  3.2920240e+007  3.3000000e+003  1.8653479e+001 -1.8654557e+004
  2.2240000e+003  9.0814310e+000  4.7129817e+003  3.2713616e+007  3.3000000e+003  1.8365688e+001 -4.2500000e+003
  2.2400000e+003  9.1396145e+000  4.7105247e+003  3.2643714e+007  3.3000000e+003  1.6559827e+001 -5.2735034e+003
  2.2560000e+003  9.1823381e+000  4.7156639e+003  3.2556747e+007  3.3000000e+003  1.0543934e+001 -4.2500000e+003
  2.2720000e+003  9.1684669e+000  4.7123860e+003  3.2488747e+007  3.3000000e+003  5.2376459e+000 -4.2500000e+003
  2.2880000e+003  9.1455162e+000  4.7564915e+003  3.2312391e+007  3.3000000e+003  8.7938601e+000 -1.5197015e+004
  2.3040000e+003  9.1547332e+000  4.7992420e+003  3.2137747e+007  3.3000000e+003  1.1467916e+001 -7.8580755e+003
  2.3200000e+003  9.1596907e+000  4.8032212e+003  3.2051724e+007  3.3000000e+003  6.7444857e+000 -4.2500000e+003
  2.3360000e+003  9.1334734e+000  4.7994336e+003  3.1983724e+007  3.3000000e+003  4.4923361e+000 -4.2500000e+003
  2.3520000e+003  9.1274393e+000  4.9192800e+003  3.1624934e+007  3.3000000e+003  1.2964070e+001 -2.2766230e+004
  2.3680000e+003  9.1655493e+000  4.9947342e+003  3.1367475e+007  3.3000000e+003  1.5839697e+001 -1.1559476e+004
  2.3840000e+003  9.2049880e+000  4.9959954e+003  3.1284551e+007  3.3000000e+003  1.4279213e+001 -4.2500000e+003
  2.4000000e+003  9.2370213e+000  4.9956290e+003  3.1205495e+007  3.3000000e+003  1.3853680e+001 -8.3284010e+003
  2.4160000e+003  9.2708978e+000  5.0218497e+003  3.1062189e+007  3.3000000e+003  1.4642797e+001 -7.6192568e+003
  2.4320000e+003  9.3069393e+000  5.0405446e+003  3.0936355e+007  3.3000000e+003  1.5000651e+001 -1.1398744e+004
  2.4480000e+003  9.3470356e+000  5.0700833e+003  3.0783366e+007  3.3000000e+003  1.5704698e+001 -8.3137770e+003
  2.4640000e+003  9.3900215e+000  5.1209594e+003  3.0576835e+007  3.3000000e+003  1.7189866e+001 -2.4706350e+004
  2.4800000e+003  9.4487311e+000  5.2060521e+003  3.0283785e+007  3.3000000e+003  1.9264284e+001 -1.4220718e+004
  2.4960000e+003  9.5076482e+000  5.2354628e+003  3.0127049e+007  3.3000000e+003  1.5409192e+001 -4.2500000e+003
  2.5120000e+003  9.5297553e+000  5.2291885e+003  3.0059049e+007  3.3000000e+003  1.1540668e+001 -4.2500000e+003
  2.5280000e+003  9.5401975e+000  5.2286385e+003  2.9976773e+007  3.3000000e+003  1.1215844e+001 -5.6291038e+003
  2.5440000e+003  9.5512358e+000  5.2293137e+003  2.9891397e+007  3.3000000e+003  1.1343443e+001 -5.1614216e+003
  2.5600000e+003  9.5674664e+000  5.2684639e+003  2.9707464e+007  3.3000000e+003  1.3518374e+001 -1.1872848e+004
  2.5760000e+003  9.5957702e+000  5.2937651e+003  2.9557967e+007  3.3000000e+003  1.4486149e+001 -7.7795476e+003
  2.5920000e+003  9.6298678e+000  5.3334717e+003  2.9370308e+007  3.3000000e+003  1.5801114e+001 -1.2415719e+004
  2.6080000e+003  9.6692632e+000  5.3762643e+003  2.9173327e+007  3.3000000e+003  1.6208512e+001 -1.1663358e+004
  2.6240000e+003  9.6860752e+000  5.3750110e+003  2.9090596e+007  3.3000000e+003  9.2139537e+000 -4.2500000e+003
  2.6400000e+003  9.6764455e+000  5.3683624e+003  2.9022155e+007  3.3000000e+003  7.4344706e+000 -7.9841875e+003
  2.6560000e+003  9.6693147e+000  5.3920245e+003  2.8873391e+007  3.3000000e+003  9.0996646e+000 -7.7233610e+003
  2.6720000e+003  9.6673020e+000  5.4094550e+003  2.8740527e+007  3.3000000e+003  9.9361933e+000 -1.4440761e+004
  2.6880000e+003  9.6754956e+000  5.4463874e+003  2.8554664e+007  3.3000000e+003  1.1695049e+001 -9.5056802e+003
  2.7040000e+003  9.6855280e+000  5.4597021e+003  2.8431506e+007  3.3000000e+003  7.8753609e+000 -4.2500000e+003
  2.7200000e+003  9.6515876e+000  5.4525888e+003  2.8363506e+007  3.3000000e+003  1.5719188e+000 -4.2500000e+003
  2.7360000e+003  9.6107947e+000  5.5223535e+003  2.8085318e+007  3.3000000e+003  9.5537008e+000 -4.5449154e+004
  2.7520000e+003  9.6406971e+000  5.7018651e+003  2.7502765e+007  3.3000000e+003  1.7832666e+001 -2.6298970e+004
  2.7680000e+003  9.6849300e+000  5.7480631e+003  2.7283613e+007  3.3000000e+003  1.3947325e+001 -4.2500000e+003
  2.7840000e+003  9.6980982e+000  5.7394567e+003  2.7215613e+007  3.3000000e+003  1.0809459e+001 -4.2500000e+003
  2.8000000e+003  9.7154919e+000  5.8532017e+003  2.6805182e+007  3.3000000e+003  1.6523445e+001 -3.1923998e+004
  2.8160000e+003  9.7638371e+000  5.9577060e+003  2.6417142e+007  3.3000000e+003  1.9236382e+001 -1.9209145e+004
  2.8320000e+003  9.8047470e+000  5.9683455e+003  2.6291677e+007  3.3000000e+003  1.4101636e+001 -4.2500000e+003
  2.8480000e+003  9.8225898e+000  5.9610252e+003  2.6217039e+007  3.3000000e+003  1.2318368e+001 -6.0134224e+003
  2.8640000e+003  9.8537700e+000  6.0938877e+003  2.5741012e+007  3.3000000e+003  1.8073564e+001 -2.5159876e+004
  2.8800000e+003  9.9045661e+000  6.1735051e+003  2.5414132e+007  3.3000000e+003  1.9549130e+001 -1.7481576e+004
  2.8960000e+003  9.9588655e+000  6.2301011e+003  2.5151397e+007  3.3000000e+003  1.9846958e+001 -1.5786645e+004
  2.9120000e+003  1.0013178e+001  6.2743573e+003  2.4922797e+007  3.3000000e+003  1.9255629e+001 -4.2500000e+003
  2.9280000e+003  1.0056296e+001  6.2712452e+003  2.4831523e+007  3.3000000e+003  1.7113992e+001 -8.6459991e+003
  2.9440000e+003  1.0093996e+001  6.3164566e+003  2.4598035e+007  3.3000000e+003  1.7835997e+001 -2.6269998e+004
  2.9600000e+003  1.0141357e+001  6.3956636e+003  2.4262440e+007  3.3000000e+003  1.8286605e+001 -4.2500000e+003
  2.9760000e+003  1.0134031e+001  6.3841317e+003  2.4194440e+007  3.3000000e+003  3.5241111e+000 -4.2500000e+003
  2.9920000e+003  1.0089199e+001  6.3727230e+003  2.4126440e+007  3.3000000e+003  6.9516898e-001 -4.2500000e+003
  3.0080000e+003  1.0037340e+001  6.3614787e+003  2.4058311e+007  3.3000000e+003  1.2370463e-001 -4.2640614e+003
  3.0240000e+003  9.9845206e+000  6.3503592e+003  2.3990163e+007  3.3000000e+003  8.3151452e-003 -4.2552560e+003
  3.0400000e+003  9.9319655e+000  6.3393245e+003  2.3922114e+007  3.3000000e+003 -1.1951802e-002 -4.2518592e+003
  3.0560000e+003  9.8799047e+000  6.3283972e+003  2.3854090e+007  3.3000000e+003 -1.6655488e-002 -4.2513334e+003
  3.0720000e+003  9.8283738e+000  6.3175823e+003  2.3786069e+007  3.3000000e+003 -1.7605144e-002 -4.2512254e+003
  3.0880000e+003  9.7773743e+000  6.3068792e+003  2.3718050e+007  3.3000000e+003 -1.7796877e-002 -4.2512036e+003
  3.1040000e+003  9.7268998e+000  6.2962863e+003  2.3650031e+007  3.3000000e+003 -1.7835587e-002 -4.2511992e+003
  3.1200000e+003  9.6769428e+000  6.2858021e+003  2.3582012e+007  3.3000000e+003 -1.7843402e-002 -4.2511983e+003
  3.1360000e+003  9.6274954e+000  6.2754248e+003  2.3513993e+007  3.3000000e+003 -1.7844980e-002 -4.2511981e+003
  3.1520000e+003  9.5785498e+000  6.2651527e+003  2.3445973e+007  3.3000000e+003 -1.7845299e-002 -4.2511980e+003
  3.1680000e+003  9.5300984e+000  6.2549845e+003  2.3377954e+007  3.3000000e+003 -1.7845363e-002 -4.2511980e+003
  3.1840000e+003  9.4821339e+000  6.2449184e+003  2.3309935e+007  3.3000000e+003 -1.7845376e-002 -4.2511980e+003
  3.2000000e+003  9.4346489e+000  6.2349527e+003  2.3241916e+007  3.1000000e+003 -1.7758829e-002 -4.2509190e+003
  3.2160000e+003  9.3876366e+000  6.2250850e+003  2.3173902e+007  3.1000000e+003 -1.7747630e-002 -4.2509178e+003
  3.2320000e+003  9.3410897e+000  6.2153149e+003  2.3105887e+007  3.1000000e+003 -1.7747630e-002 -4.2509178e+003
  3.2480000e+003  9.2950013e+000  6.2056410e+003  2.3037872e+007  3.1000000e+003 -1.7747630e-002 -4.2509178e+003
  3.2640000e+003  9.2544444e+000  6.2161778e+003  2.2904180e+007  3.1000000e+003  5.3280972e+000 -1.8365607e+004
  3.2800000e+003  9.2560884e+000  6.2960792e+003  2.2542564e+007  3.1000000e+003  1.3155987e+001 -2.0872252e+004
  3.2960000e+003  9.2817035e+000  6.3438524e+003  2.2284319e+007  3.1000000e+003  1.5350792e+001 -1.3019965e+004
  3.3120000e+003  9.3185521e+000  6.4261917e+003  2.1910027e+007  3.1000000e+003  1.8625912e+001 -2.1710498e+004
  3.3280000e+003  9.3663996e+000  6.4843197e+003  2.1613700e+007  3.1000000e+003  1.9657620e+001 -1.6564211e+004
  3.3440000e+003  9.4162507e+000  6.5292242e+003  2.1359745e+007  3.1000000e+003  1.9865874e+001 -1.5459471e+004
  3.3600000e+003  9.4661217e+000  6.5710621e+003  2.1114660e+007  3.1000000e+003  1.9907919e+001 -1.5233762e+004
  3.3760000e+003  9.5156195e+000  6.6119695e+003  2.0871379e+007  3.1000000e+003  1.9916407e+001 -1.5188084e+004
  3.3920000e+003  9.5646301e+000  6.6471418e+003  2.0646248e+007  3.1000000e+003  1.9769803e+001 -7.0540159e+003
  3.4080000e+003  9.6110794e+000  6.6560456e+003  2.0509541e+007  3.1000000e+003  1.9280040e+001 -9.5273909e+003
  3.4240000e+003  9.6561210e+000  6.6761962e+003  2.0334028e+007  3.1000000e+003  1.9443862e+001 -1.3671467e+004
  3.4400000e+003  9.7027397e+000  6.7029747e+003  2.0135064e+007  3.1000000e+003  1.9822864e+001 -1.1689440e+004
  3.4560000e+003  9.7453133e+000  6.7056546e+003  2.0018552e+007  3.1000000e+003  1.5208662e+001 -2.5000000e+002
  3.4720000e+003  9.7579718e+000  6.6759136e+003  2.0014552e+007  3.1000000e+003  1.0884111e+001 -2.5000000e+002
  3.4880000e+003  9.7640455e+000  6.6751201e+003  1.9910506e+007  3.1000000e+003  1.2627983e+001 -8.9930684e+003
  3.5040000e+003  9.7813015e+000  6.6714136e+003  1.9816695e+007  3.1000000e+003  1.4086831e+001 -3.8684523e+003
  3.5200000e+003  9.8075500e+000  6.7145745e+003  1.9557983e+007  3.1000000e+003  1.7881093e+001 -1.8085838e+004
  3.5360000e+003  9.8486915e+000  6.7445023e+003  1.9344696e+007  3.1000000e+003  1.9507315e+001 -1.0347824e+004
  3.5520000e+003  9.8931147e+000  6.7558668e+003  1.9196405e+007  3.1000000e+003  1.9835531e+001 -8.6218089e+003
  3.5680000e+003  9.9378736e+000  6.7632329e+003  1.9062022e+007  3.1000000e+003  1.9901792e+001 -8.2667056e+003
  3.5840000e+003  9.9823805e+000  6.7697413e+003  1.8930477e+007  3.1000000e+003  1.9915170e+001 -8.1947417e+003
  3.6000000e+003  1.0026521e+001  6.7760323e+003  1.8799508e+007  3.1000000e+003  1.9917871e+001  2.7500000e+003
  3.6160000e+003  1.0044161e+001  6.7338934e+003  1.8843508e+007  3.1000000e+003  1.0601228e+001  2.7500000e+003
  3.6320000e+003  1.0042120e+001  6.7119763e+003  1.8815390e+007  3.1000000e+003  1.1011497e+001 -3.5421573e+004
  3.6480000e+003  1.0066101e+001  6.7966103e+003  1.8399169e+007  3.1000000e+003  1.8138693e+001 -1.6950440e+004
  3.6640000e+003  1.0105238e+001  6.8224440e+003  1.8195743e+007  3.1000000e+003  1.9559292e+001 -1.0078143e+004
  3.6800000e+003  1.0147114e+001  6.8324810e+003  1.8049637e+007  3.1000000e+003  1.9846024e+001 -8.5657240e+003
  3.6960000e+003  1.0187128e+001  6.8215223e+003  1.7980832e+007  3.1000000e+003  1.7535979e+001  2.7500000e+003
  3.7120000e+003  1.0212903e+001  6.7839031e+003  1.8011368e+007  3.1000000e+003  1.5358350e+001 -2.7901822e+002
  3.7280000e+003  1.0237306e+001  6.8066239e+003  1.7818099e+007  3.1000000e+003  1.7786034e+001 -1.8498471e+004
  3.7440000e+003  1.0274124e+001  6.8354574e+003  1.7601212e+007  3.1000000e+003  1.9488155e+001 -1.0446887e+004
  3.7600000e+003  1.0314240e+001  6.8460201e+003  1.7452118e+007  3.1000000e+003  1.9831663e+001 -8.6424686e+003
  3.7760000e+003  1.0354742e+001  6.8526426e+003  1.7317569e+007  3.1000000e+003  1.9901012e+001 -8.2709035e+003
  3.7920000e+003  1.0387614e+001  6.8239642e+003  1.7316704e+007  3.1000000e+003  1.6022762e+001  2.7500000e+003
  3.8080000e+003  1.0407871e+001  6.7912885e+003  1.7331982e+007  3.1000000e+003  1.4728652e+001 -9.7785696e+002
  3.8240000e+003  1.0409954e+001  6.7533947e+003  1.7368265e+007  3.1000000e+003  7.7117631e+000  2.7500000e+003
  3.8400000e+003  1.0394092e+001  6.7138440e+003  1.7412125e+007  3.1000000e+003  5.9442943e+000  2.7500000e+003
  3.8560000e+003  1.0363061e+001  6.6745851e+003  1.7456125e+007  3.1000000e+003  1.1592859e+000  2.7500000e+003
  3.8720000e+003  1.0323149e+001  6.6404283e+003  1.7481621e+007  3.1000000e+003  2.5446866e+000 -8.3379819e+003
  3.8880000e+003  1.0310959e+001  6.6531664e+003  1.7325836e+007  3.1000000e+003  1.0169297e+001 -6.4019626e+003
  3.9040000e+003  1.0314408e+001  6.6437681e+003  1.7256086e+007  3.1000000e+003  1.1913668e+001 -3.9640908e+003
  3.9200000e+003  1.0322600e+001  6.6272551e+003  1.7214533e+007  3.1000000e+003  1.2563707e+001 -1.7568439e+003
  3.9360000e+003  1.0330549e+001  6.6000773e+003  1.7215495e+007  3.1000000e+003  1.0917275e+001  2.7500000e+003
  3.9520000e+003  1.0328813e+001  6.5628696e+003  1.7256977e+007  3.1000000e+003  9.3001904e+000  1.8951389e+003
  3.9680000e+003  1.0330955e+001  6.5989139e+003  1.7008911e+007  3.1000000e+003  1.5162421e+001 -2.7949308e+004
  3.9840000e+003  1.0359928e+001  6.6495273e+003  1.6701634e+007  3.1000000e+003  1.8958981e+001 -1.3108683e+004
  4.0000000e+003  1.0396239e+001  6.6656586e+003  1.6530700e+007  3.1000000e+003  1.9724845e+001 -9.2100120e+003
  4.0160000e+003  1.0433782e+001  6.6737374e+003  1.6391597e+007  3.1000000e+003  1.9879446e+001 -8.3867119e+003
  4.0320000e+003  1.0471333e+001  6.6801156e+003  1.6259094e+007  3.1000000e+003  1.9910659e+001 -8.2190215e+003
  4.0480000e+003  1.0508649e+001  6.6861126e+003  1.6127930e+007  3.1000000e+003  1.9916960e+001 -8.1851055e+003
  4.0640000e+003  1.0545684e+001  6.6919957e+003  1.5997037e+007  3.1000000e+003  1.9918233e+001 -8.1782555e+003
  4.0800000e+003  1.0582430e+001  6.6978194e+003  1.5866199e+007  3.1000000e+003  1.9918489e+001  2.7500000e+003
  4.0960000e+003  1.0579360e+001  6.6609228e+003  1.5910199e+007  3.1000000e+003  3.9238799e+000  2.7500000e+003
  4.1120000e+003  1.0546620e+001  6.6366282e+003  1.5903548e+007  3.1000000e+003  4.5274092e+000 -3.1953633e+004
  4.1280000e+003  1.0553617e+001  6.7311914e+003  1.5406911e+007  3.1000000e+003  1.6865466e+001 -2.2222130e+004
  4.1440000e+003  1.0583580e+001  6.7564379e+003  1.5194565e+007  3.1000000e+003  1.8692397e+001 -3.1443900e+003
  4.1600000e+003  1.0613703e+001  6.7479802e+003  1.5121654e+007  3.1000000e+003  1.8255311e+001 -5.3914300e+003
  4.1760000e+003  1.0640133e+001  6.7315776e+003  1.5082200e+007  3.1000000e+003  1.4845640e+001  2.7500000e+003
  4.1920000e+003  1.0648776e+001  6.6954197e+003  1.5126105e+007  3.1000000e+003  1.1755515e+001  2.5190966e+003
  4.2080000e+003  1.0646085e+001  6.6615979e+003  1.5161334e+007  3.1000000e+003  6.1441335e+000  2.7500000e+003
  4.2240000e+003  1.0621313e+001  6.6259564e+003  1.5205334e+007  3.1000000e+003  2.8960807e+000  2.7500000e+003
  4.2400000e+003  1.0605281e+001  6.6656543e+003  1.4930960e+007  3.1000000e+003  1.2843098e+001 -2.7155853e+004
  4.2560000e+003  1.0624571e+001  6.7103611e+003  1.4633993e+007  3.1000000e+003  1.7451602e+001 -1.2085622e+004
  4.2720000e+003  1.0653879e+001  6.7359769e+003  1.4417171e+007  3.1000000e+003  1.9300233e+001 -1.1408589e+004
  4.2880000e+003  1.0687290e+001  6.7474371e+003  1.4260242e+007  3.1000000e+003  1.9793728e+001 -8.8446897e+003
  4.3040000e+003  1.0721368e+001  6.7539900e+003  1.4124073e+007  3.1000000e+003  1.9893353e+001 -8.3120590e+003
  4.3200000e+003  1.0755377e+001  6.7595079e+003  1.3992166e+007  3.1000000e+003  1.9913466e+001 -8.2039128e+003
  4.3360000e+003  1.0789172e+001  6.7647860e+003  1.3861123e+007  3.1000000e+003  1.9917527e+001 -8.1820536e+003
  4.3520000e+003  1.0822586e+001  6.7653976e+003  1.3750224e+007  3.1000000e+003  1.9254280e+001  2.7500000e+003
  4.3680000e+003  1.0848400e+001  6.7359240e+003  1.3770748e+007  3.1000000e+003  1.7059236e+001 -1.5776071e+003
  4.3840000e+003  1.0870615e+001  6.7380477e+003  1.3653661e+007  3.1000000e+003  1.7792749e+001 -1.8452697e+004
  4.4000000e+003  1.0899660e+001  6.7627901e+003  1.3436961e+007  3.1000000e+003  1.9490124e+001 -1.0436715e+004
  4.4160000e+003  1.0926794e+001  6.7563243e+003  1.3357315e+007  3.1000000e+003  1.3454120e+001  2.7500000e+003
  4.4320000e+003  1.0922688e+001  6.7220132e+003  1.3401315e+007  3.1000000e+003  7.6179087e+000  2.7500000e+003
  4.4480000e+003  1.0916060e+001  6.7547996e+003  1.3147897e+007  3.1000000e+003  1.4171928e+001 -3.0569802e+004
  4.4640000e+003  1.0938053e+001  6.8060472e+003  1.2810999e+007  3.1000000e+003  1.8759311e+001 -1.4075741e+004
  4.4800000e+003  1.0968054e+001  6.8216908e+003  1.2632003e+007  3.1000000e+003  1.9684544e+001 -9.4226305e+003
  4.4960000e+003  1.0999484e+001  6.8287326e+003  1.2491190e+007  3.1000000e+003  1.9871310e+001 -8.4303426e+003
  4.5120000e+003  1.1027159e+001  6.8059125e+003  1.2484917e+007  3.1000000e+003  1.7503272e+001  6.4507107e+002
  4.5280000e+003  1.1047772e+001  6.7881262e+003  1.2456577e+007  3.1000000e+003  1.3859615e+001  2.7500000e+003
  4.5440000e+003  1.1032880e+001  6.7545486e+003  1.2500577e+007  3.1000000e+003  2.7461038e+000  2.7500000e+003
  4.5600000e+003  1.0998954e+001  6.7212066e+003  1.2544577e+007  3.1000000e+003  5.4137971e-001  2.7500000e+003
  4.5760000e+003  1.0961419e+001  6.6881149e+003  1.2588498e+007  3.1000000e+003  9.6052518e-002  2.7417800e+003
  4.5920000e+003  1.0923372e+001  6.6552551e+003  1.2632414e+007  3.1000000e+003  6.1342000e-003  2.7470629e+003
  4.6080000e+003  1.0885441e+001  6.6226107e+003  1.2676387e+007  3.1000000e+003 -8.7944603e-003  2.7491112e+003
  4.6240000e+003  1.0847745e+001  6.5901889e+003  1.2720376e+007  3.1000000e+003 -1.2459895e-002  2.7494027e+003
  4.6400000e+003  1.0810303e+001  6.5579903e+003  1.2764367e+007  3.1000000e+003 -1.3199919e-002  2.7494626e+003
  4.6560000e+003  1.0773116e+001  6.5260127e+003  1.2808359e+007  3.1000000e+003 -1.3349328e-002  2.7494747e+003
  4.6720000e+003  1.0736184e+001  6.4942542e+003  1.2852350e+007  3.1000000e+003 -1.3379493e-002  2.7494771e+003
  4.6880000e+003  1.0699504e+001  6.4627123e+003  1.2896342e+007  3.1000000e+003 -1.3385583e-002  2.7494776e+003
  4.7040000e+003  1.0663073e+001  6.4313850e+003  1.2940334e+007  3.1000000e+003 -1.3386813e-002  2.7494777e+003
  4.7200000e+003  1.0626889e+001  6.4002700e+003  1.2984325e+007  3.1000000e+003 -1.3387061e-002  2.7494778e+003
  4.7360000e+003  1.0590950e+001  6.3693652e+003  1.3028317e+007  3.1000000e+003 -1.3387111e-002  2.7494778e+003
  4.7520000e+003  1.0555253e+001  6.3386685e+003  1.3072309e+007  3.1000000e+003 -1.3387122e-002  2.7494778e+003
  4.7680000e+003  1.0519795e+001  6.3081777e+003  1.3116301e+007  2.9000000e+003 -1.3280144e-002  2.7496215e+003
  4.7840000e+003  1.0484575e+001  6.2778904e+003  1.3160295e+007  2.9000000e+003 -1.3275891e-002  2.7496218e+003
  4.8000000e+003  1.0449589e+001  6.2478049e+003  1.3204288e+007  2.9000000e+003 -1.3275891e-002  2.7496218e+003
  4.8160000e+003  1.0414836e+001  6.2179194e+003  1.3248282e+007  2.9000000e+003 -1.3275891e-002  2.7496218e+003
  4.8320000e+003  1.0384702e+001  6.2087515e+003  1.3193104e+007  2.9000000e+003  7.0563693e+000 -3.0560297e+004
  4.8480000e+003  1.0395096e+001  6.2786719e+003  1.2754720e+007  2.9000000e+003  1.7339471e+001 -1.8724654e+004
  4.8640000e+003  1.0421025e+001  6.2913338e+003  1.2592661e+007  2.9000000e+003  1.6704818e+001  2.7500000e+003
  4.8800000e+003  1.0434023e+001  6.2616962e+003  1.2636661e+007  2.9000000e+003  1.3015490e+001  2.7500000e+003
  4.8960000e+003  1.0442529e+001  6.2588819e+003  1.2550255e+007  2.9000000e+003  1.4636381e+001 -1.3951097e+004
  4.9120000e+003  1.0460347e+001  6.2691431e+003  1.2399700e+007  2.9000000e+003  1.6670012e+001 -6.4737689e+003
  4.9280000e+003  1.0476095e+001  6.2537389e+003  1.2375321e+007  2.9000000e+003  1.1416089e+001  2.7500000e+003
  4.9440000e+003  1.0472102e+001  6.2246065e+003  1.2419321e+007  2.9000000e+003  7.9534957e+000  2.7500000e+003
  4.9600000e+003  1.0472307e+001  6.2623334e+003  1.2132564e+007  2.9000000e+003  1.5484044e+001 -2.4843500e+004
  4.9760000e+003  1.0495566e+001  6.2970779e+003  1.1859443e+007  2.9000000e+003  1.9023886e+001 -1.1725594e+004
  4.9920000e+003  1.0516303e+001  6.2792395e+003  1.1847757e+007  2.9000000e+003  1.4204074e+001  2.7500000e+003
  5.0080000e+003  1.0524672e+001  6.2517103e+003  1.1885183e+007  2.9000000e+003  1.2503838e+001  1.1267899e+003
  5.0240000e+003  1.0540564e+001  6.2949685e+003  1.1567783e+007  2.9000000e+003  1.8116495e+001 -1.5665203e+004
  5.0400000e+003  1.0567477e+001  6.3121389e+003  1.1380508e+007  2.9000000e+003  1.9554881e+001 -9.2385110e+003
  5.0560000e+003  1.0596489e+001  6.3185938e+003  1.1246871e+007  2.9000000e+003  1.9845196e+001 -7.8224055e+003
  5.0720000e+003  1.0625659e+001  6.3190708e+003  1.1143354e+007  2.9000000e+003  1.9267829e+001  2.7500000e+003
  5.0880000e+003  1.0648691e+001  6.2976148e+003  1.1151439e+007  2.9000000e+003  1.7177676e+001 -5.4108556e+003
  5.1040000e+003  1.0668791e+001  6.3111099e+003  1.0981784e+007  2.9000000e+003  1.7882488e+001 -2.0603954e+004
  5.1200000e+003  1.0694522e+001  6.3420881e+003  1.0722167e+007  2.9000000e+003  1.9508273e+001 -1.3462158e+004
  5.1360000e+003  1.0721284e+001  6.3488040e+003  1.0586194e+007  2.9000000e+003  1.7766243e+001 -1.2500000e+003
  5.1520000e+003  1.0739551e+001  6.3364309e+003  1.0548371e+007  2.9000000e+003  1.5916393e+001 -4.5121357e+003
  5.1680000e+003  1.0754674e+001  6.3318506e+003  1.0470664e+007  2.9000000e+003  1.5344277e+001 -5.1807650e+003
  5.1840000e+003  1.0768450e+001  6.3298797e+003  1.0379574e+007  2.9000000e+003  1.5144706e+001 -5.9942185e+003
  5.2000000e+003  1.0785331e+001  6.3634193e+003  1.0103856e+007  2.9000000e+003  1.8197044e+001 -1.9050102e+004
  5.2160000e+003  1.0810713e+001  6.3905008e+003  9.8607573e+006  2.9000000e+003  1.9573577e+001 -1.2798308e+004
  5.2320000e+003  1.0836408e+001  6.3926415e+003  9.7473069e+006  2.9000000e+003  1.8673622e+001 -7.0926498e+003
  5.2480000e+003  1.0859654e+001  6.3978864e+003  9.6174941e+006  2.9000000e+003  1.8337526e+001 -8.7112936e+003
  5.2640000e+003  1.0871274e+001  6.3850909e+003  9.5824962e+006  2.9000000e+003  1.1601598e+001 -1.2500000e+003
  5.2800000e+003  1.0870241e+001  6.3698024e+003  9.5610733e+006  2.9000000e+003  9.8956386e+000 -1.8796647e+004
  5.2960000e+003  1.0882728e+001  6.4367030e+003  9.1047841e+006  2.9000000e+003  1.7947794e+001 -2.0083624e+004
  5.3120000e+003  1.0906643e+001  6.4602440e+003  8.8767238e+006  2.9000000e+003  1.7563248e+001 -1.2500000e+003
  5.3280000e+003  1.0914964e+001  6.4446005e+003  8.8567238e+006  2.9000000e+003  1.1396348e+001 -1.2500000e+003
  5.3440000e+003  1.0915443e+001  6.4542322e+003  8.7021289e+006  2.9000000e+003  1.3627768e+001 -3.3115152e+004
  5.3600000e+003  1.0932968e+001  6.5066712e+003  8.3177355e+006  2.9000000e+003  1.8653976e+001 -1.7075621e+004
  5.3760000e+003  1.0955412e+001  6.5165088e+003  8.1607321e+006  2.9000000e+003  1.5729016e+001 -1.2500000e+003
  5.3920000e+003  1.0963171e+001  6.5008841e+003  8.1407321e+006  2.9000000e+003  1.2292001e+001 -1.2500000e+003
  5.4080000e+003  1.0967758e+001  6.5075658e+003  8.0005767e+006  2.9000000e+003  1.3903143e+001 -1.2556167e+004
  5.4240000e+003  1.0978823e+001  6.5169065e+003  7.8457823e+006  2.9000000e+003  1.5203208e+001 -7.8644817e+003
  5.4400000e+003  1.0994769e+001  6.5492065e+003  7.5657675e+006  2.9000000e+003  1.8277795e+001 -1.8708564e+004
  5.4560000e+003  1.1018525e+001  6.5757078e+003  7.3163624e+006  2.9000000e+003  1.9581018e+001 -1.3814241e+004
  5.4720000e+003  1.1044043e+001  6.5945568e+003  7.1079904e+006  2.9000000e+003  1.9845594e+001 -1.2550697e+004
  5.4880000e+003  1.1069796e+001  6.6114447e+003  6.9097800e+006  2.9000000e+003  1.9899008e+001 -1.2291693e+004
  5.5040000e+003  1.1089968e+001  6.6002936e+003  6.8653837e+006  2.9000000e+003  1.6410865e+001 -2.2086775e+003
  5.5200000e+003  1.1103778e+001  6.5945324e+003  6.7915864e+006  2.9000000e+003  1.5525678e+001 -1.7478788e+004
  5.5360000e+003  1.1123014e+001  6.6375788e+003  6.4477263e+006  2.9000000e+003  1.9048540e+001 -1.6259414e+004
  5.5520000e+003  1.1146978e+001  6.6556997e+003  6.2408993e+006  2.9000000e+003  1.9019247e+001 -1.2500000e+003
  5.5680000e+003  1.1165547e+001  6.6442538e+003  6.1981506e+006  2.9000000e+003  1.6782982e+001 -5.3538367e+003
  5.5840000e+003  1.1181071e+001  6.6502785e+003  6.0581948e+006  2.9000000e+003  1.6965418e+001 -1.4392503e+004
  5.6000000e+003  1.1199156e+001  6.6659474e+003  5.8640286e+006  2.9000000e+003  1.7834660e+001 -1.0745466e+004
  5.6160000e+003  1.1215829e+001  6.6667878e+003  5.7526530e+006  2.9000000e+003  1.3693833e+001 -1.2500000e+003
  5.6320000e+003  1.1215807e+001  6.6514019e+003  5.7326530e+006  2.9000000e+003  9.7356082e+000 -1.2500000e+003
  5.6480000e+003  1.1213902e+001  6.6686098e+003  5.5290232e+006  2.9000000e+003  1.3525419e+001 -2.0203061e+004
  5.6640000e+003  1.1225227e+001  6.6917892e+003  5.2910142e+006  2.9000000e+003  1.6229070e+001 -1.1284334e+004
  5.6800000e+003  1.1242273e+001  6.7222168e+003  5.0110865e+006  2.9000000e+003  1.8696457e+001 -1.7804282e+004
  5.6960000e+003  1.1252325e+001  6.7121795e+003  4.9607132e+006  2.9000000e+003  1.1928441e+001 -1.2500000e+003
  5.7120000e+003  1.1251464e+001  6.6975229e+003  4.9370517e+006  2.9000000e+003  1.0361977e+001 -2.2944438e+003
  5.7280000e+003  1.1248425e+001  6.6868105e+003  4.8912629e+006  2.9000000e+003  1.0045595e+001 -3.1915614e+003
  5.7440000e+003  1.1242592e+001  6.6724044e+003  4.8670365e+006  2.9000000e+003  8.4102279e+000 -1.4380827e+003
  5.7600000e+003  1.1234009e+001  6.6595704e+003  4.8342150e+006  2.9000000e+003  7.9988646e+000 -5.0485104e+003
  5.7760000e+003  1.1227823e+001  6.6571679e+003  4.7415413e+006  2.9000000e+003  9.5780313e+000 -4.4217417e+003
  5.7920000e+003  1.1223802e+001  6.6496151e+003  4.6787797e+006  2.9000000e+003  9.8873190e+000 -3.6207876e+003
  5.8080000e+003  1.1220229e+001  6.6409829e+003  4.6225302e+006  2.9000000e+003  9.9497586e+000 -3.4530208e+003
  5.8240000e+003  1.1216761e+001  6.6321675e+003  4.5676246e+006  2.9000000e+003  9.9623648e+000 -3.4189028e+003
  5.8400000e+003  1.1213330e+001  6.6233536e+003  4.5129914e+006  2.9000000e+003  9.9649099e+000 -3.4120044e+003
  5.8560000e+003  1.1209054e+001  6.6123651e+003  4.4713778e+006  2.9000000e+003  8.4311036e+000 -1.2500000e+003
  5.8720000e+003  1.1199058e+001  6.5978670e+003  4.4507271e+006  2.9000000e+003  7.0124446e+000 -1.5821514e+003
  5.8880000e+003  1.1188635e+001  6.5934289e+003  4.3712974e+006  2.9000000e+003  8.5837545e+000 -6.6569175e+003
  5.9040000e+003  1.1183454e+001  6.5894610e+003  4.2892326e+006  2.9000000e+003  9.6866506e+000 -4.1461578e+003
  5.9200000e+003  1.1179787e+001  6.5818729e+003  4.2287307e+006  2.9000000e+003  9.9092466e+000 -3.5621032e+003
  5.9360000e+003  1.1176439e+001  6.5735301e+003  4.1729520e+006  2.9000000e+003  9.9541856e+000 -3.4410488e+003
  5.9520000e+003  1.1171991e+001  6.5610212e+003  4.1422406e+006  2.9000000e+003  8.9949086e+000 -1.8744896e+003
  5.9680000e+003  1.1165615e+001  6.5498150e+003  4.1041540e+006  2.9000000e+003  8.6742134e+000 -2.6734946e+003
  5.9840000e+003  1.1160355e+001  6.5453409e+003  4.0261346e+006  2.9000000e+003  9.6511817e+000 -4.2368300e+003
  6.0000000e+003  1.1156751e+001  6.5380951e+003  3.9648915e+006  2.9000000e+003  9.9020862e+000 -3.5812940e+003
  6.0160000e+003  1.1153499e+001  6.5300052e+003  3.9089589e+006  2.9000000e+003  9.9527400e+000 -3.4449593e+003
  6.0320000e+003  1.1150332e+001  6.5217773e+003  3.8541177e+006  2.9000000e+003  9.9629667e+000 -3.4172716e+003
  6.0480000e+003  1.1147195e+001  6.5135564e+003  3.7994976e+006  2.9000000e+003  9.9650314e+000 -3.4116749e+003
  6.0640000e+003  1.1144077e+001  6.5053714e+003  3.7449222e+006  2.9000000e+003  9.9654483e+000 -3.4105447e+003
  6.0800000e+003  1.1140976e+001  6.4972281e+003  3.6903557e+006  2.9000000e+003  9.9655325e+000 -3.4103165e+003
  6.0960000e+003  1.1137891e+001  6.4891273e+003  3.6357911e+006  2.9000000e+003  9.9655495e+000 -3.4102704e+003
  6.1120000e+003  1.1134823e+001  6.4810687e+003  3.5812269e+006  2.9000000e+003  9.9655529e+000 -3.4102611e+003
  6.1280000e+003  1.1131770e+001  6.4730523e+003  3.5266628e+006  2.9000000e+003  9.9655536e+000 -3.4102593e+003
  6.1440000e+003  1.1128734e+001  6.4650775e+003  3.4720986e+006  2.9000000e+003  9.9655537e+000 -3.4102589e+003
  6.1600000e+003  1.1125713e+001  6.4571442e+003  3.4175345e+006  2.9000000e+003  9.9655538e+000 -3.4102588e+003
  6.1760000e+003  1.1122708e+001  6.4492520e+003  3.3629703e+006  2.9000000e+003  9.9655538e+000 -3.4102588e+003
  6.1920000e+003  1.1119718e+001  6.4414006e+003  3.3084062e+006  2.9000000e+003  9.9655538e+000 -3.4102588e+003
  6.2080000e+003  1.1116744e+001  6.4335896e+003  3.2538420e+006  2.9000000e+003  9.9655538e+000 -3.4102588e+003
  6.2240000e+003  1.1113785e+001  6.4258188e+003  3.1992779e+006  2.9000000e+003  9.9655538e+000 -3.4102588e+003
  6.2400000e+003  1.1110841e+001  6.4180878e+003  3.1447138e+006  2.9000000e+003  9.9655538e+000 -3.4102588e+003
  6.2560000e+003  1.1107913e+001  6.4103964e+003  3.0901496e+006  2.9000000e+003  9.9655538e+000 -3.4102588e+003
  6.2720000e+003  1.1104800e+001  6.4020555e+003  3.0399060e+006  2.9000000e+003  8.6158887e+000 -1.2500000e+003
  6.2880000e+003  1.1091305e+001  6.3889480e+003  3.0199060e+006  2.9000000e+003  4.1460906e+000 -1.2500000e+003
  6.3040000e+003  1.1073047e+001  6.3819290e+003  2.9619379e+006  2.9000000e+003  5.6384678e+000 -1.0170421e+004
  6.3200000e+003  1.1064789e+001  6.3854747e+003  2.8374144e+006  2.9000000e+003  9.0938645e+000 -5.5747873e+003
  6.3360000e+003  1.1060209e+001  6.3781886e+003  2.7814190e+006  2.9000000e+003  8.4359301e+000 -1.2500000e+003
  6.3520000e+003  1.1051843e+001  6.3655960e+003  2.7593688e+006  2.9000000e+003  7.3248748e+000 -1.8130190e+003
  6.3680000e+003  1.1043301e+001  6.3618103e+003  2.6816299e+006  2.9000000e+003  8.7393667e+000 -6.3416098e+003
  6.3840000e+003  1.1039068e+001  6.3582739e+003  2.6024213e+006  2.9000000e+003  9.7180533e+000 -4.0653330e+003
  6.4000000e+003  1.1034470e+001  6.3480251e+003  2.5662911e+006  2.9000000e+003  8.1667691e+000 -1.2500000e+003
  6.4160000e+003  1.1026155e+001  6.3361093e+003  2.5411866e+006  2.9000000e+003  7.4226361e+000 -2.0493625e+003
  6.4320000e+003  1.1016324e+001  6.3242765e+003  2.5159291e+006  2.9000000e+003  6.7096889e+000 -1.7180575e+003
  6.4480000e+003  1.1005300e+001  6.3134917e+003  2.4842920e+006  2.9000000e+003  6.4919352e+000 -2.1277667e+003
  6.4640000e+003  1.0991107e+001  6.3012347e+003  2.4625176e+006  2.9000000e+003  4.2437301e+000 -1.2500000e+003
  6.4800000e+003  1.0973568e+001  6.2890159e+003  2.4408882e+006  2.9000000e+003  3.6758152e+000 -3.9922049e+003
  6.4960000e+003  1.0960541e+001  6.2870105e+003  2.3532926e+006  2.9000000e+003  6.8418358e+000 -4.0251665e+003
  6.5120000e+003  1.0951445e+001  6.2814849e+003  2.2886886e+006  2.9000000e+003  7.9188091e+000 -7.6611510e+003
  6.5280000e+003  1.0946539e+001  6.2804402e+003  2.1950062e+006  2.9000000e+003  9.5548977e+000 -4.4796359e+003
  6.5440000e+003  1.0943640e+001  6.2747491e+003  2.1317671e+006  2.9000000e+003  9.8826490e+000 -3.6332535e+003
  6.5600000e+003  1.0941154e+001  6.2680357e+003  2.0754176e+006  2.9000000e+003  9.9488158e+000 -3.4555693e+003
  6.5760000e+003  1.0938760e+001  6.2611386e+003  2.0204916e+006  2.9000000e+003  9.9621744e+000 -3.4194186e+003
  6.5920000e+003  1.0936394e+001  6.2542311e+003  1.9658543e+006  2.9000000e+003  9.9648715e+000 -3.4121086e+003
  6.6080000e+003  1.0934043e+001  6.2473483e+003  1.9112754e+006  2.9000000e+003  9.9654160e+000 -3.4106323e+003
  6.6240000e+003  1.0931704e+001  6.2404969e+003  1.8567083e+006  2.9000000e+003  9.9655259e+000 -3.4103342e+003
  6.6400000e+003  1.0925077e+001  6.2304252e+003  1.8237464e+006  2.9000000e+003  5.1066660e+000 -1.2500000e+003
  6.6560000e+003  1.0907802e+001  6.2184548e+003  1.8037464e+006  2.9000000e+003  2.9263617e+000 -1.2500000e+003
  6.6720000e+003  1.0891832e+001  6.2148214e+003  1.7284970e+006  2.9000000e+003  6.0131766e+000 -4.7545024e+003
  6.6880000e+003  1.0881792e+001  6.2088351e+003  1.6691019e+006  2.9000000e+003  7.0980720e+000 -3.0166290e+003
  6.7040000e+003  1.0875636e+001  6.2092344e+003  1.5670834e+006  2.9000000e+003  9.2853982e+000 -5.1333928e+003
  6.7200000e+003  1.0872661e+001  6.2046746e+003  1.4983817e+006  2.9000000e+003  9.8282473e+000 -1.2500000e+003
  6.7360000e+003  1.0859135e+001  6.1929076e+003  1.4783817e+006  2.9000000e+003  2.4900189e+000 -1.2500000e+003
  6.7520000e+003  1.0837408e+001  6.1834353e+003  1.4432611e+006  2.9000000e+003  2.8551792e+000 -8.7744345e+003
  6.7680000e+003  1.0827013e+001  6.1901352e+003  1.2989750e+006  2.9000000e+003  8.5413576e+000 -6.7395198e+003
  6.7840000e+003  1.0823237e+001  6.1844025e+003  1.2388293e+006  2.9000000e+003  9.4536996e+000  1.2254691e+003
  6.8000000e+003  1.0819848e+001  6.1673985e+003  1.2555229e+006  2.9000000e+003  9.3413309e+000  9.3497166e+002
  6.8160000e+003  1.0816492e+001  6.1522066e+003  1.2604074e+006  2.9000000e+003  9.6211646e+000 -3.1388072e+002
  6.8320000e+003  1.0814097e+001  6.1374889e+003  1.2625386e+006  2.9000000e+003  9.8960472e+000  4.0254143e+002
  6.8480000e+003  1.0812034e+001  6.1219921e+003  1.2704764e+006  2.9000000e+003  9.9515208e+000  5.5174337e+002
  6.8640000e+003  1.0810045e+001  6.1063935e+003  1.2796088e+006  2.9000000e+003  9.9627205e+000  5.8206131e+002
  6.8800000e+003  1.0808078e+001  6.0908322e+003  1.2889834e+006  2.9000000e+003  9.9649817e+000  5.8819033e+002
  6.8960000e+003  1.0806122e+001  6.0753361e+003  1.2984069e+006  2.9000000e+003  9.9654383e+000  5.8942808e+002
  6.9120000e+003  1.0804177e+001  6.0599103e+003  1.3078402e+006  2.9000000e+003  9.9655304e+000  5.8967799e+002
  6.9280000e+003  1.0802240e+001  6.0445554e+003  1.3172756e+006  2.9000000e+003  9.9655491e+000  5.8972845e+002
  6.9440000e+003  1.0800313e+001  6.0292712e+003  1.3267113e+006  2.9000000e+003  9.9655528e+000  5.8973864e+002
  6.9600000e+003  1.0786924e+001  6.0097029e+003  1.3664581e+006  2.9000000e+003  1.9896851e+000  2.7500000e+003
  6.9760000e+003  1.0764444e+001  5.9896147e+003  1.4104581e+006  2.9000000e+003  3.8849246e-001  2.7500000e+003
  6.9920000e+003  1.0740239e+001  5.9696324e+003  1.4543608e+006  2.9000000e+003  6.5093026e-002  2.7435070e+003
  7.0080000e+003  1.0715777e+001  5.9497364e+003  1.4982979e+006  2.9000000e+003  9.4369034e-004  2.7480834e+003
  7.0240000e+003  1.0691358e+001  5.9299244e+003  1.5422807e+006  2.9000000e+003 -9.9407830e-003  2.7493711e+003
  7.0400000e+003  1.0667036e+001  5.9102013e+003  1.5862727e+006  2.9000000e+003 -1.2602546e-002  2.7495706e+003
  7.0560000e+003  1.0642822e+001  5.8905673e+003  1.6302662e+006  2.9000000e+003 -1.3139947e-002  2.7496114e+003
  7.0720000e+003  1.0618717e+001  5.8710222e+003  1.6742601e+006  2.9000000e+003 -1.3248446e-002  2.7496197e+003
  7.0880000e+003  1.0594720e+001  5.8515652e+003  1.7182540e+006  2.9000000e+003 -1.3270352e-002  2.7496213e+003
  7.1040000e+003  1.0570832e+001  5.8321959e+003  1.7622480e+006  2.9000000e+003 -1.3274775e-002  2.7496217e+003
  7.1200000e+003  1.0547051e+001  5.8129136e+003  1.8062419e+006  2.9000000e+003 -1.3275668e-002  2.7496218e+003
  7.1360000e+003  1.0523376e+001  5.7937178e+003  1.8502359e+006  2.9000000e+003 -1.3275848e-002  2.7496218e+003
  7.1520000e+003  1.0499808e+001  5.7746079e+003  1.8942298e+006  2.9000000e+003 -1.3275884e-002  2.7496218e+003
  7.1680000e+003  1.0476344e+001  5.7555832e+003  1.9382238e+006  2.9000000e+003 -1.3275892e-002  2.7496218e+003
  7.1840000e+003  1.0452985e+001  5.7366433e+003  1.9822178e+006  2.7000000e+003 -1.3192303e-002  2.7497463e+003
  7.2000000e+003  1.0429730e+001  5.7177873e+003  2.0262137e+006  2.7000000e+003 -1.3148181e-002  2.7497479e+003
  7.2160000e+003  1.0406579e+001  5.6990149e+003  2.0702097e+006  2.7000000e+003 -1.3148181e-002  2.7497479e+003
  7.2320000e+003  1.0383529e+001  5.6803255e+003  2.1142057e+006  2.7000000e+003 -1.3148181e-002  2.7497479e+003
  7.2480000e+003  1.0360582e+001  5.6617186e+003  2.1582016e+006  2.7000000e+003 -1.3148181e-002  2.7497479e+003
  7.2640000e+003  1.0337735e+001  5.6431937e+003  2.2021976e+006  2.7000000e+003 -1.3148181e-002  2.7497479e+003
  7.2800000e+003  1.0314989e+001  5.6247502e+003  2.2461936e+006  2.7000000e+003 -1.3148181e-002  2.7497479e+003
  7.2960000e+003  1.0292343e+001  5.6063876e+003  2.2901895e+006  2.7000000e+003 -1.3148181e-002  2.7497479e+003
  7.3120000e+003  1.0269796e+001  5.5881054e+003  2.3341855e+006  2.7000000e+003 -1.3148181e-002  2.7497479e+003
  7.3280000e+003  1.0247347e+001  5.5699029e+003  2.3781815e+006  2.7000000e+003 -1.3148181e-002  2.7497479e+003
  7.3440000e+003  1.0224996e+001  5.5517798e+003  2.4221774e+006  2.7000000e+003 -1.3148181e-002  2.7497479e+003
  7.3600000e+003  1.0202742e+001  5.5337354e+003  2.4661734e+006  2.7000000e+003 -1.3148181e-002  2.7497479e+003
  7.3760000e+003  1.0180585e+001  5.5157694e+003  2.5101694e+006  2.7000000e+003 -1.3148181e-002  2.7497479e+003
  7.3920000e+003  1.0158523e+001  5.4978811e+003  2.5541653e+006  2.7000000e+003 -1.3148181e-002  2.7497479e+003
  7.4080000e+003  1.0136557e+001  5.4800700e+003  2.5981613e+006  2.7000000e+003 -1.3148181e-002  2.7497479e+003
  7.4240000e+003  1.0114686e+001  5.4623357e+003  2.6421573e+006  2.7000000e+003 -1.3148181e-002  2.7497479e+003
  7.4400000e+003  1.0092909e+001  5.4446777e+003  2.6861532e+006  2.7000000e+003 -1.3148181e-002  2.7497479e+003
  7.4560000e+003  1.0071225e+001  5.4270955e+003  2.7301492e+006  2.7000000e+003 -1.3148181e-002  2.7497479e+003
  7.4720000e+003  1.0049634e+001  5.4095885e+003  2.7741452e+006  2.7000000e+003 -1.3148181e-002  2.7497479e+003
  7.4880000e+003  1.0028135e+001  5.3921563e+003  2.8181411e+006  2.7000000e+003 -1.3148181e-002  2.7497479e+003
  7.5040000e+003  1.0006728e+001  5.3747985e+003  2.8621371e+006  2.7000000e+003 -1.3148181e-002  2.7497479e+003
  7.5200000e+003  9.9854117e+000  5.3575145e+003  2.9061331e+006  2.7000000e+003 -1.3148181e-002  2.7497479e+003
  7.5360000e+003  9.9641861e+000  5.3403040e+003  2.9501290e+006  2.7000000e+003 -1.3148181e-002  2.7497479e+003
  7.5520000e+003  9.9430505e+000  5.3231663e+003  2.9941250e+006  2.7000000e+003 -1.3148181e-002  2.7497479e+003
  7.5680000e+003  9.9220042e+000  5.3061011e+003  3.0381210e+006  2.7000000e+003 -1.3148181e-002  2.7497479e+003
  7.5840000e+003  9.9010468e+000  5.2891079e+003  3.0821169e+006  2.7000000e+003 -1.3148181e-002  2.7497479e+003
  7.6000000e+003  9.8801775e+000  5.2721862e+003  3.1261129e+006  2.7000000e+003 -1.3148181e-002  2.7497479e+003
  7.6160000e+003  9.8593959e+000  5.2553356e+003  3.1701089e+006  2.7000000e+003 -1.3148181e-002  2.7497479e+003
  7.6320000e+003  9.8387015e+000  5.2385556e+003  3.2141048e+006  2.7000000e+003 -1.3148181e-002  2.7497479e+003
  7.6480000e+003  9.8180936e+000  5.2218459e+003  3.2581008e+006  2.7000000e+003 -1.3148181e-002  2.7497479e+003
  7.6640000e+003  9.7975718e+000  5.2052059e+003  3.3020968e+006  2.7000000e+003 -1.3148181e-002  2.7497479e+003
  7.6800000e+003  9.7771355e+000  5.1886352e+003  3.3460927e+006  2.7000000e+003 -1.3148181e-002  2.7497479e+003
  7.6960000e+003  9.7567841e+000  5.1721335e+003  3.3900887e+006  2.7000000e+003 -1.3148181e-002  2.7497479e+003
  7.7120000e+003  9.7365171e+000  5.1557002e+003  3.4340847e+006  2.7000000e+003 -1.3148181e-002  2.7497479e+003
  7.7280000e+003  9.7163341e+000  5.1393349e+003  3.4780806e+006  2.7000000e+003 -1.3148181e-002  2.7497479e+003
  7.7440000e+003  9.6962345e+000  5.1230372e+003  3.5220766e+006  2.7000000e+003 -1.3148181e-002  2.7497479e+003
  7.7600000e+003  9.6762177e+000  5.1068068e+003  3.5660726e+006  2.7000000e+003 -1.3148181e-002  2.7497479e+003
  7.7760000e+003  9.6562833e+000  5.0906431e+003  3.6100686e+006  2.7000000e+003 -1.3148181e-002  2.7497479e+003
  7.7920000e+003  9.6364308e+000  5.0745458e+003  3.6540645e+006  2.7000000e+003 -1.3148181e-002  2.7497479e+003
  7.8080000e+003  9.6166596e+000  5.0585145e+003  3.6980605e+006  2.7000000e+003 -1.3148181e-002  2.7497479e+003
  7.8240000e+003  9.5969692e+000  5.0425487e+003  3.7420565e+006  2.7000000e+003 -1.3148181e-002  2.7497479e+003
  7.8400000e+003  9.5773592e+000  5.0266481e+003  3.7860524e+006  2.7000000e+003 -1.3148181e-002  2.7497479e+003
  7.8560000e+003  9.5578291e+000  5.0108122e+003  3.8300484e+006  2.7000000e+003 -1.3148181e-002  2.7497479e+003
  7.8720000e+003  9.5383784e+000  4.9950407e+003  3.8740444e+006  2.7000000e+003 -1.3148181e-002  2.7497479e+003
  7.8880000e+003  9.5190065e+000  4.9793332e+003  3.9180403e+006  2.7000000e+003 -1.3148181e-002  2.7497479e+003
  7.9040000e+003  9.4997131e+000  4.9636893e+003  3.9620363e+006  2.7000000e+003 -1.3148181e-002  2.7497479e+003
  7.9200000e+003  9.4804977e+000  4.9481085e+003  4.0060323e+006  2.7000000e+003 -1.3148181e-002  2.7497479e+003
  7.9360000e+003  9.4613596e+000  4.9325906e+003  4.0500282e+006  2.7000000e+003 -1.3148181e-002  2.7497479e+003
  7.9520000e+003  9.4422986e+000  4.9171351e+003  4.0940242e+006  2.7000000e+003 -1.3148181e-002  2.7497479e+003
  7.9680000e+003  9.4233142e+000  4.9017417e+003  4.1380202e+006  2.7000000e+003 -1.3148181e-002  2.7497479e+003
  7.9840000e+003  9.4044058e+000  4.8864100e+003  4.1820161e+006  2.7000000e+003 -1.3148181e-002  2.7497479e+003
  8.0000000e+003  9.3855731e+000  4.8711396e+003  4.2260121e+006  2.7000000e+003 -1.3148181e-002  2.7497479e+003
