  0.0000000e+000  0.0000000e+000  0.0000000e+000  0.0000000e+000  2.5000000e+002  0.0000000e+000
  1.6000000e+001  1.2160949e+004  0.0000000e+000  0.0000000e+000  2.5000000e+002  5.7384966e+001
  3.2000000e+001 -4.8021824e+003  0.0000000e+000  0.0000000e+000  2.5000000e+002 -1.9809185e+001
  4.8000000e+001  8.4189546e+002  0.0000000e+000  0.0000000e+000  2.5000000e+002  3.9821479e+000
  6.4000000e+001  3.8583372e+003  0.0000000e+000  0.0000000e+000  2.5000000e+002  1.8322069e+001
  8.0000000e+001  2.7408479e+003  0.0000000e+000  0.0000000e+000  2.5000000e+002  1.2601293e+001
  9.6000000e+001 -3.3733070e+003  0.0000000e+000  0.0000000e+000  2.5000000e+002 -1.7615464e+001
  1.1200000e+002  5.5266366e+002  0.0000000e+000  0.0000000e+000  2.5000000e+002  3.3204395e+000
  1.2800000e+002  1.4900295e+004  0.0000000e+000  0.0000000e+000  2.5000000e+002  6.2845920e+001
  1.4400000e+002  7.0906629e+003  0.0000000e+000  0.0000000e+000  2.5000000e+002  2.5023413e+001
  1.6000000e+002 -3.5277190e+003  0.0000000e+000  0.0000000e+000  2.5000000e+002 -1.5102121e+001
  1.7600000e+002  1.0892063e+003  0.0000000e+000  0.0000000e+000  2.5000000e+002  5.2121068e+000
  1.9200000e+002  1.0459735e+004  0.0000000e+000  0.0000000e+000  2.5000000e+002  3.8290722e+001
  2.0800000e+002  6.0292304e+003  0.0000000e+000  0.0000000e+000  2.5000000e+002  2.0425607e+001
  2.2400000e+002 -1.2504821e+003  0.0000000e+000  0.0000000e+000  2.5000000e+002 -5.3432257e+000
  2.4000000e+002  4.9474230e+003  0.0000000e+000  0.0000000e+000  2.5000000e+002  2.2663889e+001
  2.5600000e+002  4.2671908e+003  0.0000000e+000  0.0000000e+000  2.5000000e+002  1.7587566e+001
  2.7200000e+002 -1.6889026e+004  0.0000000e+000  0.0000000e+000  2.5000000e+002 -7.6096022e+001
  2.8800000e+002 -1.4399419e+003  0.0000000e+000  0.0000000e+000  2.5000000e+002 -1.0383025e+001
  3.0400000e+002  3.8628768e+003  0.0000000e+000  0.0000000e+000  2.5000000e+002  2.8307501e+001
  3.2000000e+002  1.9518205e+003  0.0000000e+000  0.0000000e+000  2.5000000e+002  1.2581736e+001
  3.3600000e+002  1.3254571e+004  0.0000000e+000  0.0000000e+000  2.5000000e+002  6.3173152e+001
  3.5200000e+002  6.1285217e+003  0.0000000e+000  0.0000000e+000  2.5000000e+002  2.3790240e+001
  3.6800000e+002 -5.8458914e+003  0.0000000e+000  0.0000000e+000  2.5000000e+002 -2.8154623e+001
  3.8400000e+002  2.1773404e+002  0.0000000e+000  0.0000000e+000  2.5000000e+002  1.2637218e+000
  4.0000000e+002  6.4177352e+003  0.0000000e+000  0.0000000e+000  2.5000000e+002  3.0689636e+001
  4.1600000e+002  3.5484223e+003  0.0000000e+000  0.0000000e+000  2.5000000e+002  1.5606447e+001
  4.3200000e+002 -5.5041605e+002  0.0000000e+000  0.0000000e+000  2.5000000e+002 -2.8409982e+000
  4.4800000e+002  1.2545888e+003  0.0000000e+000  0.0000000e+000  2.5000000e+002  6.8912553e+000
  4.6400000e+002  2.2587747e+003  0.0000000e+000  0.0000000e+000  2.5000000e+002  1.1931654e+001
  4.8000000e+002 -3.8150058e+003  0.0000000e+000  0.0000000e+000  2.5000000e+002 -1.9944459e+001
  4.9600000e+002 -5.4753687e+002  0.0000000e+000  0.0000000e+000  2.5000000e+002 -4.0060499e+000
  5.1200000e+002  1.0290474e+003  0.0000000e+000  0.0000000e+000  2.5000000e+002  8.1138140e+000
  5.2800000e+002  9.7425017e+002  0.0000000e+000  0.0000000e+000  2.5000000e+002  7.6392732e+000
  5.4400000e+002  1.4061610e+004  0.0000000e+000  0.0000000e+000  2.5000000e+002  8.2017099e+001
  5.6000000e+002  6.3211507e+003  0.0000000e+000  0.0000000e+000  2.5000000e+002  2.6543929e+001
  5.7600000e+002 -2.9604154e+003  0.0000000e+000  0.0000000e+000  2.5000000e+002 -1.3177052e+001
  5.9200000e+002  1.0584086e+003  0.0000000e+000  0.0000000e+000  2.5000000e+002  5.2266775e+000
  6.0800000e+002 -1.4572386e+003  0.0000000e+000  0.0000000e+000  2.5000000e+002 -8.3671520e+000
  6.2400000e+002  7.7978692e+002  0.0000000e+000  0.0000000e+000  2.5000000e+002  4.9249221e+000
  6.4000000e+002  1.2908454e+003  0.0000000e+000  0.0000000e+000  2.5000000e+002  8.2555791e+000
  6.5600000e+002  1.3029136e+003  0.0000000e+000  0.0000000e+000  2.5000000e+002  8.3379836e+000
  6.7200000e+002  7.6518055e+003  0.0000000e+000  0.0000000e+000  2.5000000e+002  3.4618788e+001
  6.8800000e+002  4.0785214e+003  0.0000000e+000  0.0000000e+000  2.5000000e+002  1.6812414e+001
  7.0400000e+002  8.1910381e+001  0.0000000e+000  0.0000000e+000  2.5000000e+002  3.9448270e-001
  7.2000000e+002  4.3783260e+003  0.0000000e+000  0.0000000e+000  2.5000000e+002  2.2051033e+001
  7.3600000e+002  3.6020344e+003  0.0000000e+000  0.0000000e+000  2.5000000e+002  1.6187389e+001
  7.5200000e+002  1.7591001e+003  0.0000000e+000  0.0000000e+000  2.5000000e+002  7.7860155e+000
  7.6800000e+002  2.2987919e+003  0.0000000e+000  0.0000000e+000  2.5000000e+002  1.0325356e+001
  7.8400000e+002  5.2312969e+003  0.0000000e+000  0.0000000e+000  2.5000000e+002  2.2848952e+001
  8.0000000e+002  3.3991241e+003  0.0000000e+000  0.0000000e+000  2.5000000e+002  1.4195978e+001
  8.1600000e+002  5.9265715e+002  0.0000000e+000  0.0000000e+000  2.5000000e+002  2.5517128e+000
  8.3200000e+002  2.0860776e+003  0.0000000e+000  0.0000000e+000  2.5000000e+002  9.3090719e+000
  8.4800000e+002 -4.9250847e+003  0.0000000e+000  0.0000000e+000  2.5000000e+002 -2.9435274e+001
  8.6400000e+002 -1.0955673e+001  0.0000000e+000  0.0000000e+000  2.5000000e+002 -8.2680222e-002
  8.8000000e+002  7.2101503e+003  0.0000000e+000  0.0000000e+000  2.5000000e+002  3.8446383e+001
  8.9600000e+002  3.5254718e+003  0.0000000e+000  0.0000000e+000  2.5000000e+002  1.6480485e+001
  9.1200000e+002  6.0932439e+003  0.0000000e+000  0.0000000e+000  2.5000000e+002  2.4461202e+001
  9.2800000e+002  4.0107768e+003  0.0000000e+000  0.0000000e+000  2.5000000e+002  1.5419412e+001
  9.4400000e+002  1.9527871e+003  0.0000000e+000  0.0000000e+000  2.5000000e+002  7.9587278e+000
  9.6000000e+002 -1.5877264e+004  0.0000000e+000  0.0000000e+000  2.5000000e+002 -6.5741355e+001
  9.7600000e+002 -1.9833541e+003  0.0000000e+000  0.0000000e+000  2.5000000e+002 -1.9877313e+001
  9.9200000e+002  8.2809051e+003  0.0000000e+000  0.0000000e+000  2.5000000e+002  8.7203911e+001
  1.0080000e+003  5.0330901e+003  0.0000000e+000  0.0000000e+000  2.5000000e+002  3.0345288e+001
  1.0240000e+003  3.0132683e+003  0.0000000e+000  0.0000000e+000  2.5000000e+002  1.6825602e+001
  1.0400000e+003  2.8240057e+003  0.0000000e+000  0.0000000e+000  2.5000000e+002  1.5645668e+001
  1.0560000e+003  6.5361038e+003  0.0000000e+000  0.0000000e+000  2.5000000e+002  3.3086684e+001
  1.0720000e+003  4.2927189e+003  0.0000000e+000  0.0000000e+000  2.5000000e+002  2.0144889e+001
  1.0880000e+003 -3.0220583e+002  0.0000000e+000  0.0000000e+000  2.5000000e+002 -1.5906213e+000
  1.1040000e+003  2.0214199e+003  0.0000000e+000  0.0000000e+000  2.5000000e+002  1.1602700e+001
  1.1200000e+003  4.5514620e+003  0.0000000e+000  0.0000000e+000  2.5000000e+002  2.4026038e+001
  1.1360000e+003  3.4844983e+003  0.0000000e+000  0.0000000e+000  2.5000000e+002  1.7684017e+001
  1.1520000e+003  1.1274385e+004  0.0000000e+000  0.0000000e+000  2.5000000e+002  4.2933345e+001
  1.1680000e+003  7.1823955e+003  0.0000000e+000  0.0000000e+000  2.5000000e+002  2.5270508e+001
  1.1840000e+003  2.9369527e+003  0.0000000e+000  0.0000000e+000  2.5000000e+002  1.1469183e+001
  1.2000000e+003  8.7924567e+002  0.0000000e+000  0.0000000e+000  2.5000000e+002  3.5353526e+000
  1.2160000e+003  2.6344521e+003  0.0000000e+000  0.0000000e+000  2.5000000e+002  1.1921147e+001
  1.2320000e+003 -6.0237611e+003  0.0000000e+000  0.0000000e+000  2.5000000e+002 -2.9752116e+001
  1.2480000e+003  8.2016694e+002  0.0000000e+000  0.0000000e+000  2.5000000e+002  5.1884316e+000
  1.2640000e+003  6.7816574e+003  0.0000000e+000  0.0000000e+000  2.5000000e+002  4.0918983e+001
  1.2800000e+003  4.0579703e+003  0.0000000e+000  0.0000000e+000  2.5000000e+002  2.1453264e+001
  1.2960000e+003  4.7132077e+003  0.0000000e+000  0.0000000e+000  2.5000000e+002  2.3615489e+001
  1.3120000e+003  3.8015990e+003  0.0000000e+000  0.0000000e+000  2.5000000e+002  1.8471433e+001
  1.3280000e+003  1.9570717e+002  0.0000000e+000  0.0000000e+000  2.5000000e+002  1.0592228e+000
  1.3440000e+003  2.1283885e+003  0.0000000e+000  0.0000000e+000  2.5000000e+002  1.2441346e+001
  1.3600000e+003  3.3489706e+003  0.0000000e+000  0.0000000e+000  2.5000000e+002  1.8998664e+001
  1.3760000e+003  2.9573893e+003  0.0000000e+000  0.0000000e+000  2.5000000e+002  1.6495468e+001
  1.3920000e+003  5.9510498e+003  0.0000000e+000  0.0000000e+000  2.5000000e+002  2.8362170e+001
  1.4080000e+003  4.4133549e+003  0.0000000e+000  0.0000000e+000  2.5000000e+002  2.0068891e+001
  1.4240000e+003  9.4688596e+003  0.0000000e+000  0.0000000e+000  2.5000000e+002  3.4962098e+001
  1.4400000e+003 -2.1104244e+004  0.0000000e+000  0.0000000e+000  2.5000000e+002 -7.4408277e+001
  1.4560000e+003 -2.6520196e+003  0.0000000e+000  0.0000000e+000  2.5000000e+002 -2.5257615e+001
  1.4720000e+003  4.7855471e+003  0.0000000e+000  0.0000000e+000  2.5000000e+002  5.6501495e+001
  1.4880000e+003  2.9132727e+003  0.0000000e+000  0.0000000e+000  2.5000000e+002  2.3015855e+001
  1.5040000e+003  1.7199010e+004  0.0000000e+000  0.0000000e+000  2.5000000e+002  9.6822346e+001
  1.5200000e+003 -9.4283027e+002  0.0000000e+000  0.0000000e+000  2.5000000e+002 -2.0347792e+001
  1.5360000e+003  1.0570296e+002  0.0000000e+000  0.0000000e+000  2.5000000e+002  1.2581691e+001
  1.5520000e+003  1.4260964e+001  0.0000000e+000  0.0000000e+000  2.5000000e+002  1.9278179e+001
  1.5680000e+003 -1.4725524e+001  0.0000000e+000  0.0000000e+000  2.5000000e+002  1.9632137e+001
  1.5840000e+003 -2.1147741e+001  0.0000000e+000  0.0000000e+000  2.5000000e+002  1.9905570e+001
  1.6000000e+003 -2.2465099e+001  0.0000000e+000  0.0000000e+000  2.5000000e+002  1.9960779e+001
  1.6160000e+003 -2.2731914e+001  0.0000000e+000  0.0000000e+000  2.5000000e+002  1.9971926e+001
  1.6320000e+003 -2.2785818e+001  0.0000000e+000  0.0000000e+000  2.5000000e+002  1.9974177e+001
  1.6480000e+003 -2.2796702e+001  0.0000000e+000  0.0000000e+000  2.5000000e+002  1.9974631e+001
  1.6640000e+003 -2.2798900e+001  0.0000000e+000  0.0000000e+000  2.5000000e+002  1.9974723e+001
  1.6800000e+003 -2.2799344e+001  0.0000000e+000  0.0000000e+000  2.5000000e+002  1.9974741e+001
  1.6960000e+003 -2.2799433e+001  0.0000000e+000  4.0000000e+003  2.5000000e+002  1.9974745e+001
  1.7120000e+003 -2.2799451e+001  0.0000000e+000  4.0000000e+003  2.5000000e+002  1.9974746e+001
  1.7280000e+003 -2.2799455e+001  0.0000000e+000  4.0000000e+003  2.5000000e+002  1.9974746e+001
  1.7440000e+003 -2.2799456e+001  0.0000000e+000  4.0000000e+003  2.5000000e+002  1.9974746e+001
  1.7600000e+003 -2.1431475e+001  0.0000000e+000  4.0000000e+003  2.5000000e+002  1.8804769e+001
  1.7760000e+003 -2.1431475e+001  0.0000000e+000  4.0000000e+003  2.5000000e+002  1.8804769e+001
  1.7920000e+003 -2.1431475e+001  0.0000000e+000  4.0000000e+003  2.5000000e+002  1.8804769e+001
  1.8080000e+003  1.8040959e+004  0.0000000e+000  4.0000000e+003  2.5000000e+002  2.3466275e+002
  1.8240000e+003  1.8420370e+004  0.0000000e+000  4.0000000e+003  2.5000000e+002  6.8426999e+001
  1.8400000e+003  1.2484604e+003  0.0000000e+000  4.0000000e+003  2.5000000e+002  5.1402722e+000
  1.8560000e+003  4.7535389e+003  0.0000000e+000  4.0000000e+003  2.5000000e+002  2.1447691e+001
  1.8720000e+003  2.4131058e+003  0.0000000e+000  4.0000000e+003  2.5000000e+002  1.2886473e+001
  1.8880000e+003  1.7715796e+003  0.0000000e+000  4.0000000e+003  2.5000000e+002  1.0005528e+001
  1.9040000e+003  1.1730785e+003  0.0000000e+000  4.0000000e+003  2.5000000e+002  6.0281952e+000
  1.9200000e+003 -7.0983312e+002  0.0000000e+000  4.0000000e+003  2.5000000e+002 -3.5673732e+000
  1.9360000e+003 -2.0191584e+002  0.0000000e+000  4.0000000e+003  2.5000000e+002 -1.0748962e+000
  1.9520000e+003  4.6095072e+003  0.0000000e+000  4.0000000e+003  2.5000000e+002  2.3923830e+001
  1.9680000e+003  1.5644745e+003  0.0000000e+000  4.0000000e+003  2.5000000e+002  7.2625906e+000
  1.9840000e+003  1.0305409e+004  0.0000000e+000  4.0000000e+003  2.5000000e+002  4.2303058e+001
  2.0000000e+003  3.9950475e+003  0.0000000e+000  4.0000000e+003  2.5000000e+002  1.4241345e+001
  2.0160000e+003 -1.3211993e+004  0.0000000e+000  4.0000000e+003  2.5000000e+002 -5.9832073e+001
  2.0320000e+003 -2.0291547e+003  0.0000000e+000  4.0000000e+003  2.5000000e+002 -1.2665492e+001
  2.0480000e+003  1.0050140e+004  0.0000000e+000  4.0000000e+003  2.5000000e+002  4.5937883e+001
  2.0640000e+003  3.6279608e+003  0.0000000e+000  4.0000000e+003  2.5000000e+002  1.3925218e+001
  2.0800000e+003  9.8376519e+003  0.0000000e+000  4.0000000e+003  2.5000000e+002  3.1377585e+001
  2.0960000e+003  5.1068495e+003  0.0000000e+000  4.0000000e+003  2.5000000e+002  1.5235974e+001
  2.1120000e+003 -3.8878023e+003  0.0000000e+000  4.0000000e+003  2.5000000e+002 -1.3994886e+001
  2.1280000e+003  2.4394839e+002  0.0000000e+000  4.0000000e+003  2.5000000e+002  9.4513062e-001
  2.1440000e+003  4.7514203e+003  0.0000000e+000  4.0000000e+003  2.5000000e+002  1.6298098e+001
  2.1600000e+003 -5.4340211e+003  0.0000000e+000  4.0000000e+003  2.5000000e+002 -1.8101048e+001
  2.1760000e+003 -1.5320468e+003  0.0000000e+000  4.0000000e+003  2.5000000e+002 -6.1792244e+000
  2.1920000e+003  2.9181287e+004  0.0000000e+000  4.0000000e+003  2.5000000e+002  1.0823138e+002
  2.2080000e+003  1.3221263e+004  0.0000000e+000  4.0000000e+003  2.5000000e+002  3.5439135e+001
  2.2240000e+003 -8.7294614e+003  0.0000000e+000  4.0000000e+003  2.5000000e+002 -2.3765681e+001
  2.2400000e+003  9.4693141e+002  0.0000000e+000  4.0000000e+003  2.5000000e+002  2.8591223e+000
  2.2560000e+003 -2.2675302e+004  0.0000000e+000  4.0000000e+003  2.5000000e+002 -1.0752771e+002
  2.2720000e+003 -2.5135053e+003  0.0000000e+000  4.0000000e+003  2.5000000e+002 -2.3994609e+001
  2.2880000e+003  9.8459423e+003  0.0000000e+000  4.0000000e+003  2.5000000e+002  5.5981913e+001
  2.3040000e+003  3.3213934e+003  0.0000000e+000  4.0000000e+003  2.5000000e+002  1.4481242e+001
  2.3200000e+003 -6.4066232e+003  0.0000000e+000  4.0000000e+003  2.5000000e+002 -4.7495268e+001
  2.3360000e+003 -1.0418252e+003  0.0000000e+000  4.0000000e+003  2.5000000e+002 -1.1595583e+001
  2.3520000e+003  1.6757871e+004  0.0000000e+000  4.0000000e+003  2.5000000e+002  6.4631985e+001
  2.3680000e+003  6.7262915e+003  0.0000000e+000  4.0000000e+003  2.5000000e+002  2.1232387e+001
  2.3840000e+003 -5.4103509e+002  0.0000000e+000  4.0000000e+003  2.5000000e+002 -1.8944849e+000
  2.4000000e+003  3.7592525e+003  0.0000000e+000  4.0000000e+003  2.5000000e+002  1.3567703e+001
  2.4160000e+003  3.1092452e+003  0.0000000e+000  4.0000000e+003  2.5000000e+002  1.0616979e+001
  2.4320000e+003  6.5747392e+003  0.0000000e+000  4.0000000e+003  2.5000000e+002  2.1914846e+001
  2.4480000e+003  3.7495613e+003  0.0000000e+000  4.0000000e+003  2.5000000e+002  1.1937705e+001
  2.4640000e+003  1.8668061e+004  0.0000000e+000  4.0000000e+003  2.5000000e+002  5.4299610e+001
  2.4800000e+003  9.1795859e+003  0.0000000e+000  4.0000000e+003  2.5000000e+002  2.3825401e+001
  2.4960000e+003 -2.2014321e+004  0.0000000e+000  4.0000000e+003  2.5000000e+002 -7.1432434e+001
  2.5120000e+003 -2.9432202e+003  0.0000000e+000  4.0000000e+003  2.5000000e+002 -1.2751515e+001
  2.5280000e+003  1.2739615e+003  0.0000000e+000  4.0000000e+003  2.5000000e+002  5.6792939e+000
  2.5440000e+003  8.4263155e+002  0.0000000e+000  4.0000000e+003  2.5000000e+002  3.7141790e+000
  2.5600000e+003  6.9961928e+003  0.0000000e+000  4.0000000e+003  2.5000000e+002  2.5876607e+001
  2.5760000e+003  3.2564023e+003  0.0000000e+000  4.0000000e+003  2.5000000e+002  1.1239710e+001
  2.5920000e+003  7.5085809e+003  0.0000000e+000  4.0000000e+003  2.5000000e+002  2.3759656e+001
  2.6080000e+003  6.8231994e+003  0.0000000e+000  4.0000000e+003  2.5000000e+002  2.1048198e+001
  2.6240000e+003 -4.7707499e+003  0.0000000e+000  4.0000000e+003  2.5000000e+002 -2.5888723e+001
  2.6400000e+003  3.4089125e+003  0.0000000e+000  4.0000000e+003  2.5000000e+002  2.2926397e+001
  2.6560000e+003  3.1876689e+003  0.0000000e+000  4.0000000e+003  2.5000000e+002  1.7515310e+001
  2.6720000e+003  9.2358884e+003  0.0000000e+000  4.0000000e+003  2.5000000e+002  4.6475990e+001
  2.6880000e+003  4.8269379e+003  0.0000000e+000  4.0000000e+003  2.5000000e+002  2.0636673e+001
  2.7040000e+003 -1.9116171e+004  0.0000000e+000  4.0000000e+003  2.5000000e+002 -1.2136695e+002
  2.7200000e+003 -6.0601451e+002  0.0000000e+000  4.0000000e+003  2.5000000e+002 -1.9276267e+001
  2.7360000e+003  3.5034472e+004  0.0000000e+000  4.0000000e+003  2.5000000e+002  1.8335550e+002
  2.7520000e+003  2.0121011e+004  0.0000000e+000  4.0000000e+003  2.5000000e+002  5.6416161e+001
  2.7680000e+003 -1.3610707e+004  0.0000000e+000  4.0000000e+003  2.5000000e+002 -4.8793250e+001
  2.7840000e+003 -1.5069146e+002  0.0000000e+000  4.0000000e+003  2.5000000e+002 -6.9703517e-001
  2.8000000e+003  2.5090334e+004  0.0000000e+000  4.0000000e+003  2.5000000e+002  7.5923435e+001
  2.8160000e+003  1.3733081e+004  0.0000000e+000  4.0000000e+003  2.5000000e+002  3.5695593e+001
  2.8320000e+003 -5.8050140e+003  0.0000000e+000  4.0000000e+003  2.5000000e+002 -2.0582768e+001
  2.8480000e+003  1.6287517e+003  0.0000000e+000  4.0000000e+003  2.5000000e+002  6.6110694e+000
  2.8640000e+003  1.9102410e+004  0.0000000e+000  4.0000000e+003  2.5000000e+002  5.2846274e+001
  2.8800000e+003  1.2161869e+004  0.0000000e+000  4.0000000e+003  2.5000000e+002  3.1105907e+001
  2.8960000e+003  1.0615851e+004  0.0000000e+000  4.0000000e+003  2.5000000e+002  2.6744278e+001
  2.9120000e+003 -6.9009744e+003  0.0000000e+000  4.0000000e+003  2.5000000e+002 -1.7919369e+001
  2.9280000e+003  4.0573589e+003  0.0000000e+000  4.0000000e+003  2.5000000e+002  1.1853923e+001
  2.9440000e+003  2.0095055e+004  0.0000000e+000  4.0000000e+003  2.5000000e+002  5.6332860e+001
  2.9600000e+003 -1.4246213e+005  0.0000000e+000  4.0000000e+003  2.5000000e+002 -3.8952593e+002
  2.9760000e+003 -3.5945318e+003  0.0000000e+000  4.0000000e+003  2.5000000e+002 -5.0999127e+001
  2.9920000e+003 -6.8197316e+001  0.0000000e+000  4.0000000e+003  2.5000000e+002 -4.9050891e+000
  3.0080000e+003  1.1141936e+001  0.0000000e+000  4.0000000e+003  2.5000000e+002  4.5034434e+000
  3.0240000e+003  1.0655311e+000  0.0000000e+000  4.0000000e+003  2.5000000e+002  6.4071709e+000
  3.0400000e+003 -1.3844218e+000  0.0000000e+000  4.0000000e+003  2.5000000e+002  5.7916864e+000
  3.0560000e+003 -1.9551325e+000  0.0000000e+000  4.0000000e+003  2.5000000e+002  5.8693341e+000
  3.0720000e+003 -2.0721289e+000  0.0000000e+000  4.0000000e+003  2.5000000e+002  5.8850097e+000
  3.0880000e+003 -2.0958223e+000  0.0000000e+000  4.0000000e+003  2.5000000e+002  5.8881746e+000
  3.1040000e+003 -2.1006089e+000  0.0000000e+000  4.0000000e+003  2.5000000e+002  5.8888135e+000
  3.1200000e+003 -2.1015754e+000  0.0000000e+000  4.0000000e+003  2.5000000e+002  5.8889425e+000
  3.1360000e+003 -2.1017706e+000  0.0000000e+000  4.0000000e+003  2.5000000e+002  5.8889686e+000
  3.1520000e+003 -2.1018099e+000  0.0000000e+000  4.0000000e+003  2.5000000e+002  5.8889738e+000
  3.1680000e+003 -2.1018179e+000  0.0000000e+000  4.0000000e+003  2.5000000e+002  5.8889749e+000
  3.1840000e+003 -2.1018195e+000  0.0000000e+000  4.0000000e+003  2.5000000e+002  5.8889751e+000
  3.2000000e+003 -1.9553314e+000  0.0000000e+000  4.0000000e+003  2.5000000e+002  5.5052373e+000
  3.2160000e+003 -1.9528659e+000  0.0000000e+000  4.0000000e+003  2.5000000e+002  5.5017653e+000
  3.2320000e+003 -1.9528659e+000  0.0000000e+000  4.0000000e+003  2.5000000e+002  5.5017653e+000
  3.2480000e+003 -1.9528659e+000  0.0000000e+000  4.0000000e+003  2.5000000e+002  5.5017653e+000
  3.2640000e+003  1.1912825e+004  0.0000000e+000  4.0000000e+003  2.5000000e+002  1.1179249e+002
  3.2800000e+003  1.5086570e+004  0.0000000e+000  4.0000000e+003  2.5000000e+002  5.7337279e+001
  3.2960000e+003  8.0565767e+003  0.0000000e+000  4.0000000e+003  2.5000000e+002  2.6241567e+001
  3.3120000e+003  1.5996392e+004  0.0000000e+000  4.0000000e+003  2.5000000e+002  4.2941231e+001
  3.3280000e+003  1.1325214e+004  0.0000000e+000  4.0000000e+003  2.5000000e+002  2.8806168e+001
  3.3440000e+003  1.0316712e+004  0.0000000e+000  4.0000000e+003  2.5000000e+002  2.5965914e+001
  3.3600000e+003  1.0110446e+004  0.0000000e+000  4.0000000e+003  2.5000000e+002  2.5393026e+001
  3.3760000e+003  1.0068694e+004  0.0000000e+000  4.0000000e+003  2.5000000e+002  2.5277384e+001
  3.3920000e+003  6.2766817e+003  0.0000000e+000  0.0000000e+000  2.5000000e+002  1.5874416e+001
  3.4080000e+003  8.5447099e+003  0.0000000e+000  0.0000000e+000  2.5000000e+002  2.2159471e+001
  3.4240000e+003  1.2334138e+004  0.0000000e+000  0.0000000e+000  2.5000000e+002  3.1717304e+001
  3.4400000e+003  1.0526794e+004  0.0000000e+000  0.0000000e+000  2.5000000e+002  2.6552154e+001
  3.4560000e+003 -2.0248855e+004  0.0000000e+000  0.0000000e+000  2.5000000e+002 -6.6570139e+001
  3.4720000e+003 -1.0599217e+003  0.0000000e+000  0.0000000e+000  2.5000000e+002 -4.8691243e+000
  3.4880000e+003  1.0706806e+004  0.0000000e+000  0.0000000e+000  2.5000000e+002  4.2393175e+001
  3.5040000e+003  6.0850038e+003  0.0000000e+000  0.0000000e+000  2.5000000e+002  2.1598199e+001
  3.5200000e+003  1.9030252e+004  0.0000000e+000  0.0000000e+000  2.5000000e+002  5.3213334e+001
  3.5360000e+003  1.2039442e+004  0.0000000e+000  0.0000000e+000  2.5000000e+002  3.0858789e+001
  3.5520000e+003  1.0465020e+004  0.0000000e+000  0.0000000e+000  2.5000000e+002  2.6379479e+001
  3.5680000e+003  1.0140556e+004  0.0000000e+000  0.0000000e+000  2.5000000e+002  2.5476489e+001
  3.5840000e+003  1.0074779e+004  0.0000000e+000  0.0000000e+000  2.5000000e+002  2.5294234e+001
  3.6000000e+003 -2.5941907e+004  0.0000000e+000  0.0000000e+000  2.5000000e+002 -6.5122189e+001
  3.6160000e+003 -5.0358388e+003  0.0000000e+000  0.0000000e+000  2.5000000e+002 -2.3751204e+001
  3.6320000e+003  3.3235309e+004  0.0000000e+000  0.0000000e+000  2.5000000e+002  1.5091186e+002
  3.6480000e+003  1.8012867e+004  0.0000000e+000  0.0000000e+000  2.5000000e+002  4.9653156e+001
  3.6640000e+003  1.1793748e+004  0.0000000e+000  0.0000000e+000  2.5000000e+002  3.0148709e+001
  3.6800000e+003  1.0413786e+004  0.0000000e+000  0.0000000e+000  2.5000000e+002  2.6236454e+001
  3.6960000e+003 -7.4643262e+003  0.0000000e+000  0.0000000e+000  2.5000000e+002 -2.1282890e+001
  3.7120000e+003  2.7969693e+003  0.0000000e+000  0.0000000e+000  2.5000000e+002  9.1056960e+000
  3.7280000e+003  1.9399136e+004  0.0000000e+000  0.0000000e+000  2.5000000e+002  5.4534743e+001
  3.7440000e+003  1.2129664e+004  0.0000000e+000  0.0000000e+000  2.5000000e+002  3.1120608e+001
  3.7600000e+003  1.0483891e+004  0.0000000e+000  0.0000000e+000  2.5000000e+002  2.6432204e+001
  3.7760000e+003  1.0144393e+004  0.0000000e+000  0.0000000e+000  2.5000000e+002  2.5487128e+001
  3.7920000e+003 -2.0839993e+003  0.0000000e+000  0.0000000e+000  2.5000000e+002 -6.5032461e+000
  3.8080000e+003  3.4390988e+003  0.0000000e+000  0.0000000e+000  2.5000000e+002  1.1674859e+001
  3.8240000e+003 -3.8581006e+003  0.0000000e+000  0.0000000e+000  2.5000000e+002 -2.5014387e+001
  3.8400000e+003 -4.9412956e+003  0.0000000e+000  0.0000000e+000  2.5000000e+002 -4.1563349e+001
  3.8560000e+003 -2.7198661e+002  0.0000000e+000  0.0000000e+000  2.5000000e+002 -1.1730782e+001
  3.8720000e+003  7.9865092e+003  0.0000000e+000  0.0000000e+000  2.5000000e+002  1.5692520e+002
  3.8880000e+003  8.3191257e+003  0.0000000e+000  0.0000000e+000  2.5000000e+002  4.0903151e+001
  3.9040000e+003  6.1549666e+003  0.0000000e+000  0.0000000e+000  2.5000000e+002  2.5831535e+001
  3.9200000e+003  4.1477740e+003  0.0000000e+000  0.0000000e+000  2.5000000e+002  1.6506967e+001
  3.9360000e+003 -4.2130438e+003  0.0000000e+000  0.0000000e+000  2.5000000e+002 -1.9295309e+001
  3.9520000e+003  7.8986838e+002  0.0000000e+000  0.0000000e+000  2.5000000e+002  4.2465172e+000
  3.9680000e+003  2.7655210e+004  0.0000000e+000  0.0000000e+000  2.5000000e+002  9.1196551e+001
  3.9840000e+003  1.4547673e+004  0.0000000e+000  0.0000000e+000  2.5000000e+002  3.8366177e+001
  4.0000000e+003  1.1002068e+004  0.0000000e+000  0.0000000e+000  2.5000000e+002  2.7888858e+001
  4.0160000e+003  1.0250228e+004  3.0000000e+003  0.0000000e+000  2.5000000e+002  2.5780969e+001
  4.0320000e+003  1.0096973e+004  3.0000000e+003  0.0000000e+000  2.5000000e+002  2.5355697e+001
  4.0480000e+003  1.0065971e+004  3.0000000e+003  0.0000000e+000  2.5000000e+002  2.5269848e+001
  4.0640000e+003  1.0059710e+004  3.0000000e+003  0.0000000e+000  2.5000000e+002  2.5252516e+001
  4.0800000e+003 -5.1688872e+004  3.0000000e+003  0.0000000e+000  2.5000000e+002 -1.2975098e+002
  4.0960000e+003 -4.2293344e+003  3.0000000e+003  0.0000000e+000  2.5000000e+002 -5.3892251e+001
  4.1120000e+003  2.5047756e+004  3.0000000e+003  0.0000000e+000  2.5000000e+002  2.7662351e+002
  4.1280000e+003  2.2702891e+004  3.0000000e+003  0.0000000e+000  2.5000000e+002  6.7305854e+001
  4.1440000e+003  5.4381759e+003  3.0000000e+003  0.0000000e+000  2.5000000e+002  1.4546491e+001
  4.1600000e+003  7.4992969e+003  3.0000000e+003  0.0000000e+000  2.5000000e+002  2.0540042e+001
  4.1760000e+003 -1.2803405e+004  3.0000000e+003  0.0000000e+000  2.5000000e+002 -4.3121768e+001
  4.1920000e+003  2.1372289e+002  3.0000000e+003  0.0000000e+000  2.5000000e+002  9.0903243e-001
  4.2080000e+003 -6.7331147e+003  3.0000000e+003  0.0000000e+000  2.5000000e+002 -5.4793037e+001
  4.2240000e+003 -3.3871778e+002  3.0000000e+003  0.0000000e+000  2.5000000e+002 -5.8478651e+000
  4.2400000e+003  2.6690833e+004  3.0000000e+003  0.0000000e+000  2.5000000e+002  1.0391119e+002
  4.2560000e+003  1.3596186e+004  3.0000000e+003  0.0000000e+000  2.5000000e+002  3.8953976e+001
  4.2720000e+003  1.3004707e+004  3.0000000e+003  0.0000000e+000  2.5000000e+002  3.3690544e+001
  4.2880000e+003  1.0668577e+004  3.0000000e+003  0.0000000e+000  2.5000000e+002  2.6949387e+001
  4.3040000e+003  1.0182006e+004  3.0000000e+003  0.0000000e+000  2.5000000e+002  2.5591478e+001
  4.3200000e+003  1.0083163e+004  3.0000000e+003  0.0000000e+000  2.5000000e+002  2.5317447e+001
  4.3360000e+003  1.0063182e+004  3.0000000e+003  0.0000000e+000  2.5000000e+002  2.5262126e+001
  4.3520000e+003 -6.4443248e+003  3.0000000e+003  0.0000000e+000  2.5000000e+002 -1.6734786e+001
  4.3680000e+003  3.9943528e+003  3.0000000e+003  0.0000000e+000  2.5000000e+002  1.1707303e+001
  4.3840000e+003  1.9358123e+004  3.0000000e+003  0.0000000e+000  2.5000000e+002  5.4398910e+001
  4.4000000e+003  1.2120401e+004  3.0000000e+003  0.0000000e+000  2.5000000e+002  3.1093700e+001
  4.4160000e+003 -2.6487296e+004  3.0000000e+003  0.0000000e+000  2.5000000e+002 -9.8435632e+001
  4.4320000e+003 -2.0811245e+003  3.0000000e+003  0.0000000e+000  2.5000000e+002 -1.3659422e+001
  4.4480000e+003  2.9826350e+004  3.0000000e+003  0.0000000e+000  2.5000000e+002  1.0523039e+002
  4.4640000e+003  1.5422926e+004  3.0000000e+003  0.0000000e+000  2.5000000e+002  4.1107388e+001
  4.4800000e+003  1.1196069e+004  3.0000000e+003  0.0000000e+000  2.5000000e+002  2.8438731e+001
  4.4960000e+003  1.0290096e+004  3.0000000e+003  0.0000000e+000  2.5000000e+002  2.5891842e+001
  4.5120000e+003  1.9461465e+003  3.0000000e+003  0.0000000e+000  2.5000000e+002  5.5593793e+000
  4.5280000e+003 -6.2275197e+004  3.0000000e+003  0.0000000e+000  2.5000000e+002 -2.2466425e+002
  4.5440000e+003 -2.0490480e+003  3.0000000e+003  0.0000000e+000  2.5000000e+002 -3.7308276e+001
  4.5600000e+003 -3.7755351e+001  3.0000000e+003  0.0000000e+000  2.5000000e+002 -3.4869566e+000
  4.5760000e+003  6.5384744e+000  3.0000000e+003  0.0000000e+000  2.5000000e+002  3.4035934e+000
  4.5920000e+003  5.8855303e-001  3.0000000e+003  0.0000000e+000  2.5000000e+002  4.7973087e+000
  4.6080000e+003 -7.1741187e-001  3.0000000e+003  0.0000000e+000  2.5000000e+002  4.0787714e+000
  4.6240000e+003 -1.0305905e+000  3.0000000e+003  0.0000000e+000  2.5000000e+002  4.1356307e+000
  4.6400000e+003 -1.0948292e+000  3.0000000e+003  0.0000000e+000  2.5000000e+002  4.1471056e+000
  4.6560000e+003 -1.1078400e+000  3.0000000e+003  0.0000000e+000  2.5000000e+002  4.1494224e+000
  4.6720000e+003 -1.1104685e+000  3.0000000e+003  0.0000000e+000  2.5000000e+002  4.1498901e+000
  4.6880000e+003 -1.1109993e+000  3.0000000e+003  0.0000000e+000  2.5000000e+002  4.1499846e+000
  4.7040000e+003 -1.1111065e+000  3.0000000e+003  0.0000000e+000  2.5000000e+002  4.1500036e+000
  4.7200000e+003 -1.1111281e+000  3.0000000e+003  0.0000000e+000  2.5000000e+002  4.1500075e+000
  4.7360000e+003 -1.1111325e+000  3.0000000e+003  0.0000000e+000  2.5000000e+002  4.1500083e+000
  4.7520000e+003 -1.1111333e+000  3.0000000e+003  0.0000000e+000  2.5000000e+002  4.1500084e+000
  4.7680000e+003 -1.0229010e+000  3.0000000e+003  0.0000000e+000  2.5000000e+002  3.8512420e+000
  4.7840000e+003 -1.0222458e+000  3.0000000e+003  0.0000000e+000  2.5000000e+002  3.8500083e+000
  4.8000000e+003 -1.0222458e+000  3.0000000e+003  0.0000000e+000  2.5000000e+002  3.8500083e+000
  4.8160000e+003 -1.0222458e+000  3.0000000e+003  0.0000000e+000  2.5000000e+002  3.8500083e+000
  4.8320000e+003  2.7362244e+004  3.0000000e+003  0.0000000e+000  2.5000000e+002  1.9388331e+002
  4.8480000e+003  1.9588513e+004  3.0000000e+003  0.0000000e+000  2.5000000e+002  5.6485324e+001
  4.8640000e+003 -1.6324108e+004  3.0000000e+003  0.0000000e+000  2.5000000e+002 -4.8860476e+001
  4.8800000e+003 -1.7319543e+002  3.0000000e+003  0.0000000e+000  2.5000000e+002 -6.6534347e-001
  4.8960000e+003  1.5213870e+004  3.0000000e+003  0.0000000e+000  2.5000000e+002  5.1972786e+001
  4.9120000e+003  8.4806167e+003  3.0000000e+003  0.0000000e+000  2.5000000e+002  2.5436744e+001
  4.9280000e+003 -1.1848727e+004  3.0000000e+003  0.0000000e+000  2.5000000e+002 -5.1894861e+001
  4.9440000e+003 -7.7521413e+002  3.0000000e+003  0.0000000e+000  2.5000000e+002 -4.8734177e+000
  4.9600000e+003  2.4948585e+004  3.0000000e+003  0.0000000e+000  2.5000000e+002  8.0562240e+001
  4.9760000e+003  1.3290351e+004  3.0000000e+003  0.0000000e+000  2.5000000e+002  3.4930695e+001
  4.9920000e+003 -4.6895761e+003  3.0000000e+003  0.0000000e+000  2.5000000e+002 -1.6507856e+001
  5.0080000e+003  1.4996426e+003  3.0000000e+003  0.0000000e+000  2.5000000e+002  5.9967293e+000
  5.0240000e+003  1.6850846e+004  3.0000000e+003  0.0000000e+000  2.5000000e+002  4.6506915e+001
  5.0400000e+003  1.1026868e+004  3.0000000e+003  0.0000000e+000  2.5000000e+002  2.8194668e+001
  5.0560000e+003  9.7335778e+003  3.0000000e+003  0.0000000e+000  2.5000000e+002  2.4523763e+001
  5.0720000e+003 -5.3531679e+003  3.0000000e+003  0.0000000e+000  2.5000000e+002 -1.3891466e+001
  5.0880000e+003  3.8410698e+003  3.0000000e+003  4.0000000e+003  2.5000000e+002  1.1180412e+001
  5.1040000e+003  1.7693708e+004  3.0000000e+003  4.0000000e+003  2.5000000e+002  4.9472166e+001
  5.1200000e+003  1.1230835e+004  3.0000000e+003  4.0000000e+003  2.5000000e+002  2.8784801e+001
  5.1360000e+003 -5.1787262e+003  3.0000000e+003  4.0000000e+003  2.5000000e+002 -1.4574624e+001
  5.1520000e+003  3.0122052e+003  3.0000000e+003  4.0000000e+003  2.5000000e+002  9.4625877e+000
  5.1680000e+003  3.6266660e+003  3.0000000e+003  4.0000000e+003  2.5000000e+002  1.1817650e+001
  5.1840000e+003  4.3734907e+003  3.0000000e+003  4.0000000e+003  2.5000000e+002  1.4439008e+001
  5.2000000e+003  1.6295935e+004  3.0000000e+003  4.0000000e+003  2.5000000e+002  4.4776325e+001
  5.2160000e+003  1.0624674e+004  3.0000000e+003  4.0000000e+003  2.5000000e+002  2.7140349e+001
  5.2320000e+003  5.3905711e+003  3.0000000e+003  4.0000000e+003  2.5000000e+002  1.4433651e+001
  5.2480000e+003  6.8760579e+003  3.0000000e+003  4.0000000e+003  2.5000000e+002  1.8748598e+001
  5.2640000e+003 -4.6610739e+003  3.0000000e+003  4.0000000e+003  2.5000000e+002 -2.0088068e+001
  5.2800000e+003  1.5666688e+004  3.0000000e+003  4.0000000e+003  2.5000000e+002  7.9159562e+001
  5.2960000e+003  1.7225321e+004  3.0000000e+003  4.0000000e+003  2.5000000e+002  4.7987292e+001
  5.3120000e+003 -3.0937566e+004  3.0000000e+003  4.0000000e+003  2.5000000e+002 -8.8074730e+001
  5.3280000e+003 -2.6826794e+003  3.0000000e+003  4.0000000e+003  2.5000000e+002 -1.1769908e+001
  5.3440000e+003  2.8492867e+004  3.0000000e+003  4.0000000e+003  2.5000000e+002  1.0453974e+002
  5.3600000e+003  1.4513232e+004  3.0000000e+003  4.0000000e+003  2.5000000e+002  3.8901176e+001
  5.3760000e+003 -1.4622845e+004  3.0000000e+003  4.0000000e+003  2.5000000e+002 -4.6483659e+001
  5.3920000e+003 -2.3720928e+002  3.0000000e+003  4.0000000e+003  2.5000000e+002 -9.6489284e-001
  5.4080000e+003  1.0340622e+004  3.0000000e+003  4.0000000e+003  2.5000000e+002  3.7188074e+001
  5.4240000e+003  6.0874084e+003  3.0000000e+003  4.0000000e+003  2.5000000e+002  2.0020145e+001
  5.4400000e+003  1.5988217e+004  3.0000000e+003  4.0000000e+003  2.5000000e+002  4.3736723e+001
  5.4560000e+003  1.1552975e+004  3.0000000e+003  4.0000000e+003  2.5000000e+002  2.9500446e+001
  5.4720000e+003  1.0400037e+004  3.0000000e+003  4.0000000e+003  2.5000000e+002  2.6202384e+001
  5.4880000e+003  1.0163404e+004  3.0000000e+003  4.0000000e+003  2.5000000e+002  2.5537465e+001
  5.5040000e+003  8.8698817e+002  3.0000000e+003  4.0000000e+003  2.5000000e+002  2.7024419e+000
  5.5200000e+003  1.4815856e+004  3.0000000e+003  4.0000000e+003  2.5000000e+002  4.7714040e+001
  5.5360000e+003  1.3776525e+004  3.0000000e+003  4.0000000e+003  2.5000000e+002  3.6161630e+001
  5.5520000e+003 -5.7548924e+003  3.0000000e+003  4.0000000e+003  2.5000000e+002 -1.5129128e+001
  5.5680000e+003  3.7880561e+003  3.0000000e+003  4.0000000e+003  2.5000000e+002  1.1285409e+001
  5.5840000e+003  1.2052164e+004  3.0000000e+003  4.0000000e+003  2.5000000e+002  3.5519798e+001
  5.6000000e+003  8.7365506e+003  3.0000000e+003  4.0000000e+003  2.5000000e+002  2.4493180e+001
  5.6160000e+003 -1.5711685e+004  3.0000000e+003  4.0000000e+003  2.5000000e+002 -5.7367739e+001
  5.6320000e+003 -9.2975394e+002  3.0000000e+003  4.0000000e+003  2.5000000e+002 -4.7750172e+000
  5.6480000e+003  1.7175837e+004  3.0000000e+003  4.0000000e+003  2.5000000e+002  6.3494656e+001
  5.6640000e+003  9.2163964e+003  3.0000000e+003  4.0000000e+003  2.5000000e+002  2.8394714e+001
  5.6800000e+003  1.5175533e+004  3.0000000e+003  4.0000000e+003  2.5000000e+002  4.0583981e+001
  5.6960000e+003  1.1181605e+004  3.0000000e+003  4.0000000e+003  2.5000000e+002  2.8427255e+001
  5.7120000e+003 -5.6897793e+003  3.0000000e+003  4.0000000e+003  2.5000000e+002 -2.0446716e+001
  5.7280000e+003  1.2278457e+003  3.0000000e+003  4.0000000e+003  2.5000000e+002  5.1289462e+000
  5.7440000e+003 -8.9675002e+002  3.0000000e+003  4.0000000e+003  2.5000000e+002 -5.0616557e+000
  5.7600000e+003  1.5042199e+004  3.0000000e+003  4.0000000e+003  2.5000000e+002  9.2975400e+001
  5.7760000e+003  1.9215078e+004  3.0000000e+003  4.0000000e+003  2.5000000e+002  5.4636431e+001
  5.7920000e+003  1.2143205e+004  3.0000000e+003  4.0000000e+003  2.5000000e+002  3.1228234e+001
  5.8080000e+003  1.0523249e+004  3.0000000e+003  4.0000000e+003  2.5000000e+002  2.6550173e+001
  5.8240000e+003  1.0188445e+004  3.0000000e+003  4.0000000e+003  2.5000000e+002  2.5607641e+001
  5.8400000e+003  1.0120534e+004  3.0000000e+003  4.0000000e+003  2.5000000e+002  2.5417426e+001
  5.8560000e+003 -2.4415700e+004  3.0000000e+003  4.0000000e+003  2.5000000e+002 -8.8625329e+001
  5.8720000e+003 -2.0434215e+003  3.0000000e+003  4.0000000e+003  2.5000000e+002 -1.2625495e+001
  5.8880000e+003  2.7576214e+004  3.0000000e+003  4.0000000e+003  2.5000000e+002  9.5837802e+001
  5.9040000e+003  1.4777813e+004  3.0000000e+003  4.0000000e+003  2.5000000e+002  3.9306946e+001
  5.9200000e+003 -4.2931040e+003  3.0000000e+003  4.0000000e+003  2.5000000e+002 -1.3876754e+001
  5.9360000e+003  2.2996120e+003  3.0000000e+003  4.0000000e+003  2.5000000e+002  8.3583119e+000
  5.9520000e+003 -2.2912957e+003  3.0000000e+003  4.0000000e+003  2.5000000e+002 -1.1372330e+001
  5.9680000e+003  8.1883703e+002  3.0000000e+003  4.0000000e+003  2.5000000e+002  4.6042734e+000
  5.9840000e+003  5.7376963e+003  3.0000000e+003  4.0000000e+003  2.5000000e+002  2.4670537e+001
  6.0000000e+003  1.7087972e+004  3.0000000e+003  4.0000000e+003  2.5000000e+002  6.9271437e+001
  6.0160000e+003  1.6240709e+004  3.0000000e+003  4.0000000e+003  2.5000000e+002  4.4089144e+001
  6.0320000e+003  1.1424571e+004  3.0000000e+003  4.0000000e+003  2.5000000e+002  2.9128175e+001
  6.0480000e+003  1.0373413e+004  3.0000000e+003  4.0000000e+003  2.5000000e+002  2.6127375e+001
  6.0640000e+003  8.7790336e+003  3.0000000e+003  4.0000000e+003  2.5000000e+002  2.2183064e+001
  6.0800000e+003  9.4958978e+003  3.0000000e+003  4.0000000e+003  2.5000000e+002  2.4191905e+001
  6.0960000e+003 -2.6680072e+003  3.0000000e+003  4.0000000e+003  2.5000000e+002 -7.4595028e+000
  6.1120000e+003  4.1609675e+003  3.0000000e+003  4.0000000e+003  2.5000000e+002  1.2767078e+001
  6.1280000e+003  1.6943676e+004  3.0000000e+003  4.0000000e+003  2.5000000e+002  4.6473023e+001
  6.1440000e+003  1.1588107e+004  3.0000000e+003  4.0000000e+003  2.5000000e+002  2.9602504e+001
  6.1600000e+003 -5.5700568e+003  3.0000000e+003  4.0000000e+003  2.5000000e+002 -1.8083288e+001
  6.1760000e+003  1.9162209e+003  3.0000000e+003  4.0000000e+003  2.5000000e+002  7.1165236e+000
  6.1920000e+003  1.4896720e+004  3.0000000e+003  4.0000000e+003  2.5000000e+002  4.3397854e+001
  6.2080000e+003  1.0018675e+004  3.0000000e+003  4.0000000e+003  2.5000000e+002  2.7158464e+001
  6.2240000e+003 -1.8249136e+003  3.0000000e+003  4.0000000e+003  2.5000000e+002 -6.5832258e+000
  6.2400000e+003  1.6168971e+004  3.0000000e+003  4.0000000e+003  2.5000000e+002  6.3737985e+001
  6.2560000e+003  1.5972184e+004  3.0000000e+003  4.0000000e+003  2.5000000e+002  4.3193526e+001
  6.2720000e+003 -6.1499877e+004  3.0000000e+003  4.0000000e+003  2.5000000e+002 -1.8730161e+002
  6.2880000e+003 -3.6807960e+003  3.0000000e+003  4.0000000e+003  2.5000000e+002 -3.2283858e+001
  6.3040000e+003  1.7361602e+004  3.0000000e+003  4.0000000e+003  2.5000000e+002  1.1347553e+002
  6.3200000e+003  9.5037336e+003  3.0000000e+003  4.0000000e+003  2.5000000e+002  3.5362048e+001
  6.3360000e+003 -1.0045238e+004  3.0000000e+003  4.0000000e+003  2.5000000e+002 -4.5805082e+001
  6.3520000e+003 -5.4190901e+002  3.0000000e+003  4.0000000e+003  2.5000000e+002 -3.4579044e+000
  6.3680000e+003  6.9460099e+003  3.0000000e+003  4.0000000e+003  2.5000000e+002  3.5793169e+001
  6.3840000e+003  3.6811282e+003  3.0000000e+003  4.0000000e+003  2.5000000e+002  1.6527075e+001
  6.4000000e+003 -2.1607091e+003  3.0000000e+003  4.0000000e+003  2.5000000e+002 -1.2424433e+001
  6.4160000e+003  5.2772806e+002  3.0000000e+003  4.0000000e+003  2.5000000e+002  3.5044473e+000
  6.4320000e+003  3.9373327e+002  3.0000000e+003  4.0000000e+003  2.5000000e+002  2.9246663e+000
  6.4480000e+003  8.0186899e+002  3.0000000e+003  4.0000000e+003  2.5000000e+002  6.1717467e+000
  6.4640000e+003 -3.8631389e+002  3.0000000e+003  4.0000000e+003  2.5000000e+002 -4.5506408e+000
  6.4800000e+003 -1.8851902e+003  3.0000000e+003  4.0000000e+003  2.5000000e+002 -2.8198513e+001
  6.4960000e+003 -6.4430719e+001  3.0000000e+003  4.0000000e+003  2.5000000e+002 -4.9017811e+000
  6.5120000e+003  6.8676505e+000  3.0000000e+003  4.0000000e+003  2.5000000e+002  2.8769359e+000
  6.5280000e+003  9.5713761e-001  3.0000000e+003  4.0000000e+003  2.5000000e+002  4.4514840e+000
  6.5440000e+003 -5.8258716e-001  3.0000000e+003  4.0000000e+003  2.5000000e+002  3.7693218e+000
  6.5600000e+003 -9.3206028e-001  3.0000000e+003  4.0000000e+003  2.5000000e+002  3.8337628e+000
  6.5760000e+003 -1.0039793e+000  3.0000000e+003  4.0000000e+003  2.5000000e+002  3.8467290e+000
  6.5920000e+003 -1.0185558e+000  3.0000000e+003  4.0000000e+003  2.5000000e+002  3.8493469e+000
  6.6080000e+003 -1.0215010e+000  3.0000000e+003  4.0000000e+003  2.5000000e+002  3.8498754e+000
  6.6240000e+003 -1.0220958e+000  3.0000000e+003  4.0000000e+003  2.5000000e+002  3.8499821e+000
  6.6400000e+003 -1.0222158e+000  3.0000000e+003  4.0000000e+003  2.5000000e+002  3.8500037e+000
  6.6560000e+003 -1.0222401e+000  3.0000000e+003  4.0000000e+003  2.5000000e+002  3.8500080e+000
  6.6720000e+003 -1.0222450e+000  3.0000000e+003  4.0000000e+003  2.5000000e+002  3.8500089e+000
  6.6880000e+003 -1.0222460e+000  3.0000000e+003  4.0000000e+003  2.5000000e+002  3.8500091e+000
  6.7040000e+003 -1.0222462e+000  3.0000000e+003  4.0000000e+003  2.5000000e+002  3.8500091e+000
  6.7200000e+003 -9.3561126e-001  3.0000000e+003  4.0000000e+003  2.5000000e+002  3.5539769e+000
  6.7360000e+003 -9.3352322e-001  3.0000000e+003  4.0000000e+003  2.5000000e+002  3.5500089e+000
  6.7520000e+003 -9.3352322e-001  3.0000000e+003  4.0000000e+003  2.5000000e+002  3.5500089e+000
  6.7680000e+003 -9.3352322e-001  3.0000000e+003  4.0000000e+003  2.5000000e+002  3.5500089e+000
  6.7840000e+003 -9.3352322e-001  3.0000000e+003  0.0000000e+000  2.5000000e+002  3.5500089e+000
  6.8000000e+003 -9.3352322e-001  3.0000000e+003  0.0000000e+000  2.5000000e+002  3.5500089e+000
  6.8160000e+003 -9.3352322e-001  3.0000000e+003  0.0000000e+000  2.5000000e+002  3.5500089e+000
  6.8320000e+003 -9.3352322e-001  3.0000000e+003  0.0000000e+000  2.5000000e+002  3.5500089e+000
  6.8480000e+003 -9.3352322e-001  3.0000000e+003  0.0000000e+000  2.5000000e+002  3.5500089e+000
  6.8640000e+003 -9.3352322e-001  3.0000000e+003  0.0000000e+000  2.5000000e+002  3.5500089e+000
  6.8800000e+003 -9.3352322e-001  3.0000000e+003  0.0000000e+000  2.5000000e+002  3.5500089e+000
  6.8960000e+003 -9.3352322e-001  3.0000000e+003  0.0000000e+000  2.5000000e+002  3.5500089e+000
  6.9120000e+003 -9.3352322e-001  3.0000000e+003  0.0000000e+000  2.5000000e+002  3.5500089e+000
  6.9280000e+003 -9.3352322e-001  3.0000000e+003  0.0000000e+000  2.5000000e+002  3.5500089e+000
  6.9440000e+003 -9.3352322e-001  3.0000000e+003  0.0000000e+000  2.5000000e+002  3.5500089e+000
  6.9600000e+003 -9.3352322e-001  3.0000000e+003  0.0000000e+000  2.5000000e+002  3.5500089e+000
  6.9760000e+003 -9.3352322e-001  3.0000000e+003  0.0000000e+000  2.5000000e+002  3.5500089e+000
  6.9920000e+003 -9.3352322e-001  3.0000000e+003  0.0000000e+000  2.5000000e+002  3.5500089e+000
  7.0080000e+003 -9.3352322e-001  3.0000000e+003  0.0000000e+000  2.5000000e+002  3.5500089e+000
  7.0240000e+003 -9.3352322e-001  3.0000000e+003  0.0000000e+000  2.5000000e+002  3.5500089e+000
  7.0400000e+003 -9.3352322e-001  3.0000000e+003  0.0000000e+000  2.5000000e+002  3.5500089e+000
  7.0560000e+003 -9.3352322e-001  3.0000000e+003  0.0000000e+000  2.5000000e+002  3.5500089e+000
  7.0720000e+003 -9.3352322e-001  3.0000000e+003  0.0000000e+000  2.5000000e+002  3.5500089e+000
  7.0880000e+003 -9.3352322e-001  3.0000000e+003  0.0000000e+000  2.5000000e+002  3.5500089e+000
  7.1040000e+003 -9.3352322e-001  3.0000000e+003  0.0000000e+000  2.5000000e+002  3.5500089e+000
  7.1200000e+003 -9.3352322e-001  3.0000000e+003  0.0000000e+000  2.5000000e+002  3.5500089e+000
  7.1360000e+003 -9.3352322e-001  3.0000000e+003  0.0000000e+000  2.5000000e+002  3.5500089e+000
  7.1520000e+003 -9.3352322e-001  3.0000000e+003  0.0000000e+000  2.5000000e+002  3.5500089e+000
  7.1680000e+003 -9.3352322e-001  3.0000000e+003  0.0000000e+000  2.5000000e+002  3.5500089e+000
  7.1840000e+003 -9.3352322e-001  3.0000000e+003  0.0000000e+000  2.5000000e+002  3.5500089e+000
  7.2000000e+003 -9.3352322e-001  3.0000000e+003  0.0000000e+000  2.5000000e+002  3.5500089e+000
  7.2160000e+003 -9.3352322e-001  3.0000000e+003  0.0000000e+000  2.5000000e+002  3.5500089e+000
  7.2320000e+003 -9.3352322e-001  3.0000000e+003  0.0000000e+000  2.5000000e+002  3.5500089e+000
  7.2480000e+003 -9.3352322e-001  3.0000000e+003  0.0000000e+000  2.5000000e+002  3.5500089e+000
  7.2640000e+003 -9.3352322e-001  3.0000000e+003  0.0000000e+000  2.5000000e+002  3.5500089e+000
  7.2800000e+003 -9.3352322e-001  3.0000000e+003  0.0000000e+000  2.5000000e+002  3.5500089e+000
  7.2960000e+003 -9.3352322e-001  3.0000000e+003  0.0000000e+000  2.5000000e+002  3.5500089e+000
  7.3120000e+003 -9.3352322e-001  3.0000000e+003  0.0000000e+000  2.5000000e+002  3.5500089e+000
  7.3280000e+003 -9.3352322e-001  3.0000000e+003  0.0000000e+000  2.5000000e+002  3.5500089e+000
  7.3440000e+003 -9.3352322e-001  3.0000000e+003  0.0000000e+000  2.5000000e+002  3.5500089e+000
  7.3600000e+003 -9.3352322e-001  3.0000000e+003  0.0000000e+000  2.5000000e+002  3.5500089e+000
  7.3760000e+003 -9.3352322e-001  3.0000000e+003  0.0000000e+000  2.5000000e+002  3.5500089e+000
  7.3920000e+003 -9.3352322e-001  3.0000000e+003  0.0000000e+000  2.5000000e+002  3.5500089e+000
  7.4080000e+003 -9.3352322e-001  3.0000000e+003  0.0000000e+000  2.5000000e+002  3.5500089e+000
  7.4240000e+003 -9.3352322e-001  3.0000000e+003  0.0000000e+000  2.5000000e+002  3.5500089e+000
  7.4400000e+003 -9.3352322e-001  3.0000000e+003  0.0000000e+000  2.5000000e+002  3.5500089e+000
  7.4560000e+003 -9.3352322e-001  3.0000000e+003  0.0000000e+000  2.5000000e+002  3.5500089e+000
  7.4720000e+003 -9.3352322e-001  3.0000000e+003  0.0000000e+000  2.5000000e+002  3.5500089e+000
  7.4880000e+003 -9.3352322e-001  3.0000000e+003  0.0000000e+000  2.5000000e+002  3.5500089e+000
  7.5040000e+003 -9.3352322e-001  3.0000000e+003  0.0000000e+000  2.5000000e+002  3.5500089e+000
  7.5200000e+003 -9.3352322e-001  3.0000000e+003  0.0000000e+000  2.5000000e+002  3.5500089e+000
  7.5360000e+003 -9.3352322e-001  3.0000000e+003  0.0000000e+000  2.5000000e+002  3.5500089e+000
  7.5520000e+003 -9.3352322e-001  3.0000000e+003  0.0000000e+000  2.5000000e+002  3.5500089e+000
  7.5680000e+003 -9.3352322e-001  3.0000000e+003  0.0000000e+000  2.5000000e+002  3.5500089e+000
  7.5840000e+003 -9.3352322e-001  3.0000000e+003  0.0000000e+000  2.5000000e+002  3.5500089e+000
  7.6000000e+003 -9.3352322e-001  3.0000000e+003  0.0000000e+000  2.5000000e+002  3.5500089e+000
  7.6160000e+003 -9.3352322e-001  3.0000000e+003  0.0000000e+000  2.5000000e+002  3.5500089e+000
  7.6320000e+003 -9.3352322e-001  3.0000000e+003  0.0000000e+000  2.5000000e+002  3.5500089e+000
  7.6480000e+003 -9.3352322e-001  3.0000000e+003  0.0000000e+000  2.5000000e+002  3.5500089e+000
  7.6640000e+003 -9.3352322e-001  3.0000000e+003  0.0000000e+000  2.5000000e+002  3.5500089e+000
  7.6800000e+003 -9.3352322e-001  3.0000000e+003  0.0000000e+000  2.5000000e+002  3.5500089e+000
  7.6960000e+003 -9.3352322e-001  3.0000000e+003  0.0000000e+000  2.5000000e+002  3.5500089e+000
  7.7120000e+003 -9.3352322e-001  3.0000000e+003  0.0000000e+000  2.5000000e+002  3.5500089e+000
  7.7280000e+003 -9.3352322e-001  3.0000000e+003  0.0000000e+000  2.5000000e+002  3.5500089e+000
  7.7440000e+003 -9.3352322e-001  3.0000000e+003  0.0000000e+000  2.5000000e+002  3.5500089e+000
  7.7600000e+003 -9.3352322e-001  3.0000000e+003  0.0000000e+000  2.5000000e+002  3.5500089e+000
  7.7760000e+003 -9.3352322e-001  3.0000000e+003  0.0000000e+000  2.5000000e+002  3.5500089e+000
  7.7920000e+003 -9.3352322e-001  3.0000000e+003  0.0000000e+000  2.5000000e+002  3.5500089e+000
  7.8080000e+003 -9.3352322e-001  3.0000000e+003  0.0000000e+000  2.5000000e+002  3.5500089e+000
  7.8240000e+003 -9.3352322e-001  3.0000000e+003  0.0000000e+000  2.5000000e+002  3.5500089e+000
  7.8400000e+003 -9.3352322e-001  3.0000000e+003  0.0000000e+000  2.5000000e+002  3.5500089e+000
  7.8560000e+003 -9.3352322e-001  3.0000000e+003  0.0000000e+000  2.5000000e+002  3.5500089e+000
  7.8720000e+003 -9.3352322e-001  3.0000000e+003  0.0000000e+000  2.5000000e+002  3.5500089e+000
  7.8880000e+003 -9.3352322e-001  3.0000000e+003  0.0000000e+000  2.5000000e+002  3.5500089e+000
  7.9040000e+003 -9.3352322e-001  3.0000000e+003  0.0000000e+000  2.5000000e+002  3.5500089e+000
  7.9200000e+003 -9.3352322e-001  3.0000000e+003  0.0000000e+000  2.5000000e+002  3.5500089e+000
  7.9360000e+003 -9.3352322e-001  3.0000000e+003  0.0000000e+000  2.5000000e+002  3.5500089e+000
  7.9520000e+003 -9.3352322e-001  3.0000000e+003  0.0000000e+000  2.5000000e+002  3.5500089e+000
  7.9680000e+003 -9.3352322e-001  3.0000000e+003  0.0000000e+000  2.5000000e+002  3.5500089e+000
  7.9840000e+003 -9.3352322e-001  3.0000000e+003  0.0000000e+000  2.5000000e+002  3.5500089e+000
  8.0000000e+003 -9.3352322e-001  3.0000000e+003  0.0000000e+000  2.5000000e+002  3.5500089e+000
