  0.0000000e+000  9.5000000e+002             NaN  4.3200000e+007
  1.6000000e+001  9.5000000e+002  1.7001064e+004  4.2932525e+007
  3.2000000e+001  9.5000000e+002  3.2576858e+004  4.2810704e+007
  4.8000000e+001  9.5000000e+002  5.4826180e+004  4.2829304e+007
  6.4000000e+001  9.5000000e+002  6.6662175e+004  4.2788487e+007
  8.0000000e+001  9.5000000e+002  7.3835134e+004  4.2729469e+007
  9.6000000e+001  9.5000000e+002  9.0365974e+004  4.2735017e+007
  1.1200000e+002  9.5000000e+002  1.0563685e+005  4.2745243e+007
  1.2800000e+002  9.5000000e+002  8.5916831e+004  4.2569881e+007
  1.4400000e+002  9.5000000e+002  7.7316498e+004  4.2386086e+007
  1.6000000e+002  9.5000000e+002  9.4025839e+004  4.2433397e+007
  1.7600000e+002  9.5000000e+002  1.0444978e+005  4.2438909e+007
  1.9200000e+002  9.5000000e+002  9.0213773e+004  4.2234229e+007
  2.0800000e+002  9.5000000e+002  8.7361856e+004  4.2095351e+007
  2.2400000e+002  9.5000000e+002  1.0319877e+005  4.2177245e+007
  2.4000000e+002  9.5000000e+002  1.0900119e+005  4.2162661e+007
  2.5600000e+002  9.5000000e+002  1.0550369e+005  4.2056433e+007
  2.7200000e+002  9.5000000e+002  1.1048468e+005  4.2034257e+007
  2.8800000e+002  9.5000000e+002  1.2751352e+005  4.2142522e+007
  3.0400000e+002  9.5000000e+002  1.2929169e+005  4.2123624e+007
  3.2000000e+002  9.5000000e+002  1.2767337e+005  4.2072242e+007
  3.3600000e+002  9.5000000e+002  1.1866530e+005  4.1942854e+007
  3.5200000e+002  9.5000000e+002  1.1027837e+005  4.1779813e+007
  3.6800000e+002  9.5000000e+002  1.1995172e+005  4.1824155e+007
  3.8400000e+002  9.5000000e+002  1.2715794e+005  4.1852420e+007
  4.0000000e+002  9.5000000e+002  1.2204510e+005  4.1749088e+007
  4.1600000e+002  9.5000000e+002  1.1982553e+005  4.1663872e+007
  4.3200000e+002  9.5000000e+002  1.2634535e+005  4.1686195e+007
  4.4800000e+002  9.5000000e+002  1.2917807e+005  4.1671796e+007
  4.6400000e+002  9.5000000e+002  1.2902645e+005  4.1623816e+007
  4.8000000e+002  9.5000000e+002  1.2965718e+005  4.1584090e+007
  4.9600000e+002  9.5000000e+002  1.3789108e+005  4.1640665e+007
  5.1200000e+002  9.5000000e+002  1.3985507e+005  4.1631928e+007
  5.2800000e+002  9.5000000e+002  1.4056668e+005  4.1610527e+007
  5.4400000e+002  9.5000000e+002  1.3549064e+005  4.1521800e+007
  5.6000000e+002  9.5000000e+002  1.2587304e+005  4.1345190e+007
  5.7600000e+002  9.5000000e+002  1.2834001e+005  4.1319881e+007
  5.9200000e+002  9.5000000e+002  1.3222373e+005  4.1322308e+007
  6.0800000e+002  9.5000000e+002  1.3664988e+005  4.1335855e+007
  6.2400000e+002  9.5000000e+002  1.3927684e+005  4.1332189e+007
  6.4000000e+002  9.5000000e+002  1.4018072e+005  4.1308344e+007
  6.5600000e+002  9.5000000e+002  1.4084281e+005  4.1281797e+007
  6.7200000e+002  9.5000000e+002  1.3278008e+005  4.1126964e+007
  6.8800000e+002  9.5000000e+002  1.2994551e+005  4.1027612e+007
  7.0400000e+002  9.5000000e+002  1.3507932e+005  4.1054342e+007
  7.2000000e+002  9.5000000e+002  1.3670231e+005  4.1032457e+007
  7.3600000e+002  9.5000000e+002  1.3393948e+005  4.0940436e+007
  7.5200000e+002  9.5000000e+002  1.3376288e+005  4.0885381e+007
  7.6800000e+002  9.5000000e+002  1.3446160e+005  4.0845269e+007
  7.8400000e+002  9.5000000e+002  1.3390793e+005  4.0784671e+007
  8.0000000e+002  9.5000000e+002  1.3270131e+005  4.0709400e+007
  8.1600000e+002  9.5000000e+002  1.3370988e+005  4.0672315e+007
  8.3200000e+002  9.5000000e+002  1.3489349e+005  4.0641639e+007
  8.4800000e+002  9.5000000e+002  1.4094383e+005  4.0700048e+007
  8.6400000e+002  9.5000000e+002  1.4435814e+005  4.0724860e+007
  8.8000000e+002  9.5000000e+002  1.3955987e+005  4.0611745e+007
  8.9600000e+002  9.5000000e+002  1.3697994e+005  4.0520613e+007
  9.1200000e+002  9.5000000e+002  1.3294860e+005  4.0392034e+007
  9.2800000e+002  9.5000000e+002  1.3150148e+005  4.0304511e+007
  9.4400000e+002  9.5000000e+002  1.3314576e+005  4.0280879e+007
  9.6000000e+002  9.5000000e+002  1.3357188e+005  4.0234964e+007
  9.7600000e+002  9.5000000e+002  1.4412990e+005  4.0406419e+007
  9.9200000e+002  9.5000000e+002  1.4400781e+005  4.0386671e+007
  1.0080000e+003  9.5000000e+002  1.3871847e+005  4.0256398e+007
  1.0240000e+003  9.5000000e+002  1.3702571e+005  4.0184391e+007
  1.0400000e+003  9.5000000e+002  1.3629596e+005  4.0129960e+007
  1.0560000e+003  9.5000000e+002  1.3421303e+005  4.0044964e+007
  1.0720000e+003  9.5000000e+002  1.3205799e+005  3.9950841e+007
  1.0880000e+003  9.5000000e+002  1.3323023e+005  3.9931238e+007
  1.1040000e+003  9.5000000e+002  1.3389806e+005  3.9906609e+007
  1.1200000e+003  9.5000000e+002  1.3221521e+005  3.9828118e+007
  1.1360000e+003  9.5000000e+002  1.3101711e+005  3.9756275e+007
  1.1520000e+003  9.5000000e+002  1.2440291e+005  3.9535599e+007
  1.1680000e+003  9.5000000e+002  1.2109313e+005  3.9378548e+007
  1.1840000e+003  9.5000000e+002  1.2245809e+005  3.9354225e+007
  1.2000000e+003  9.5000000e+002  1.2199882e+005  3.9282058e+007
  1.2160000e+003  9.5000000e+002  1.2328360e+005  3.9265616e+007
  1.2320000e+003  9.5000000e+002  1.2383961e+005  3.9231714e+007
  1.2480000e+003  9.5000000e+002  1.2606092e+005  3.9255776e+007
  1.2640000e+003  9.5000000e+002  1.2531591e+005  3.9199330e+007
  1.2800000e+003  9.5000000e+002  1.2351682e+005  3.9105109e+007
  1.2960000e+003  9.5000000e+002  1.2237977e+005  3.9026100e+007
  1.3120000e+003  9.5000000e+002  1.2143977e+005  3.8949802e+007
  1.3280000e+003  9.5000000e+002  1.2214935e+005  3.8926023e+007
  1.3440000e+003  9.5000000e+002  1.2251340e+005  3.8897139e+007
  1.3600000e+003  9.5000000e+002  1.2188989e+005  3.8837814e+007
  1.3760000e+003  9.5000000e+002  1.2135746e+005  3.8779687e+007
  1.3920000e+003  9.5000000e+002  1.1917842e+005  3.8662342e+007
  1.4080000e+003  9.5000000e+002  1.1799486e+005  3.8571113e+007
  1.4240000e+003  9.5000000e+002  1.1383360e+005  3.8361238e+007
  1.4400000e+003  9.5000000e+002  1.1188190e+005  3.8218888e+007
  1.4560000e+003  9.5000000e+002  1.1886202e+005  3.8440158e+007
  1.4720000e+003  9.5000000e+002  1.1924702e+005  3.8434600e+007
  1.4880000e+003  9.5000000e+002  1.1790529e+005  3.8360718e+007
  1.5040000e+003  9.5000000e+002  1.1543042e+005  3.8236563e+007
  1.5200000e+003  9.5000000e+002  1.1781204e+005  3.8299281e+007
  1.5360000e+003  9.5000000e+002  1.1788421e+005  3.8296753e+007
  1.5520000e+003  9.5000000e+002  1.1775959e+005  3.8291326e+007
  1.5680000e+003  9.5000000e+002  1.1763559e+005  3.8286785e+007
  1.5840000e+003  9.5000000e+002  1.1751354e+005  3.8282481e+007
  1.6000000e+003  9.5000000e+002  1.1739200e+005  3.8278225e+007
  1.6160000e+003  9.5000000e+002  1.1727073e+005  3.8273978e+007
  1.6320000e+003  9.5000000e+002  1.1714969e+005  3.8269733e+007
  1.6480000e+003  9.5000000e+002  1.1702886e+005  3.8265489e+007
  1.6640000e+003  9.5000000e+002  1.1690824e+005  3.8261244e+007
  1.6800000e+003  9.5000000e+002  1.1678783e+005  3.8257000e+007
  1.6960000e+003  9.5000000e+002  1.1656119e+005  3.8248755e+007
  1.7120000e+003  9.5000000e+002  1.1476434e+005  3.8180511e+007
  1.7280000e+003  9.5000000e+002  1.1301573e+005  3.8112267e+007
  1.7440000e+003  9.5000000e+002  1.1131343e+005  3.8044022e+007
  1.7600000e+003  9.5000000e+002  1.0965670e+005  3.7975822e+007
  1.7760000e+003  9.5000000e+002  1.0804279e+005  3.7907627e+007
  1.7920000e+003  9.5000000e+002  1.0646997e+005  3.7839431e+007
  1.8080000e+003  9.5000000e+002  1.0388958e+005  3.7721805e+007
  1.8240000e+003  9.5000000e+002  9.5287485e+004  3.7241324e+007
  1.8400000e+003  9.5000000e+002  9.3929417e+004  3.7093943e+007
  1.8560000e+003  9.5000000e+002  9.2756503e+004  3.6965039e+007
  1.8720000e+003  9.5000000e+002  9.2092340e+004  3.6870391e+007
  1.8880000e+003  9.5000000e+002  9.0924328e+004  3.6751392e+007
  1.9040000e+003  9.5000000e+002  9.0026481e+004  3.6645153e+007
  1.9200000e+003  9.5000000e+002  8.9596547e+004  3.6563877e+007
  1.9360000e+003  9.5000000e+002  8.9589284e+004  3.6510464e+007
  1.9520000e+003  9.5000000e+002  8.9140240e+004  3.6430407e+007
  1.9680000e+003  9.5000000e+002  8.8212649e+004  3.6313081e+007
  1.9840000e+003  9.5000000e+002  8.7062195e+004  3.6175020e+007
  2.0000000e+003  9.5000000e+002  8.5511119e+004  3.5993616e+007
  2.0160000e+003  9.5000000e+002  8.6867878e+004  3.6012471e+007
  2.0320000e+003  9.5000000e+002  8.8038251e+004  3.6042293e+007
  2.0480000e+003  9.5000000e+002  8.6223918e+004  3.5869277e+007
  2.0640000e+003  9.5000000e+002  8.4713603e+004  3.5692726e+007
  2.0800000e+003  9.5000000e+002  8.2583295e+004  3.5453717e+007
  2.0960000e+003  9.5000000e+002  8.1358605e+004  3.5265433e+007
  2.1120000e+003  9.5000000e+002  8.2913544e+004  3.5300843e+007
  2.1280000e+003  9.5000000e+002  8.3262430e+004  3.5254383e+007
  2.1440000e+003  9.5000000e+002  8.1943259e+004  3.5073442e+007
  2.1600000e+003  9.5000000e+002  8.1350175e+004  3.4942667e+007
  2.1760000e+003  9.5000000e+002  8.2639274e+004  3.4973811e+007
  2.1920000e+003  9.5000000e+002  8.1912927e+004  3.4847921e+007
  2.2080000e+003  9.5000000e+002  7.7931729e+004  3.4412629e+007
  2.2240000e+003  9.5000000e+002  7.7428887e+004  3.4259492e+007
  2.2400000e+003  9.5000000e+002  7.8214726e+004  3.4234980e+007
  2.2560000e+003  9.5000000e+002  8.0242052e+004  3.4332710e+007
  2.2720000e+003  9.5000000e+002  8.1568394e+004  3.4408871e+007
  2.2880000e+003  9.5000000e+002  8.0074702e+004  3.4246793e+007
  2.3040000e+003  9.5000000e+002  7.8767605e+004  3.4072150e+007
  2.3200000e+003  9.5000000e+002  8.0030461e+004  3.4132811e+007
  2.3360000e+003  9.5000000e+002  8.0117799e+004  3.4111925e+007
  2.3520000e+003  9.5000000e+002  7.6774714e+004  3.3756889e+007
  2.3680000e+003  9.5000000e+002  7.4983153e+004  3.3499430e+007
  2.3840000e+003  9.5000000e+002  7.5547120e+004  3.3472837e+007
  2.4000000e+003  9.5000000e+002  7.5531982e+004  3.3394527e+007
  2.4160000e+003  9.5000000e+002  7.4892152e+004  3.3251222e+007
  2.4320000e+003  9.5000000e+002  7.4452899e+004  3.3125388e+007
  2.4480000e+003  9.5000000e+002  7.3797123e+004  3.2972399e+007
  2.4640000e+003  9.5000000e+002  7.2685678e+004  3.2765868e+007
  2.4800000e+003  9.5000000e+002  7.0963422e+004  3.2472817e+007
  2.4960000e+003  9.5000000e+002  7.2048796e+004  3.2493242e+007
  2.5120000e+003  9.5000000e+002  7.3512449e+004  3.2584796e+007
  2.5280000e+003  9.5000000e+002  7.3449989e+004  3.2518264e+007
  2.5440000e+003  9.5000000e+002  7.3220677e+004  3.2432888e+007
  2.5600000e+003  9.5000000e+002  7.2155029e+004  3.2248955e+007
  2.5760000e+003  9.5000000e+002  7.1506875e+004  3.2099458e+007
  2.5920000e+003  9.5000000e+002  7.0591010e+004  3.1911799e+007
  2.6080000e+003  9.5000000e+002  6.9661334e+004  3.1714818e+007
  2.6240000e+003  9.5000000e+002  7.1439055e+004  3.1860498e+007
  2.6400000e+003  9.5000000e+002  7.1431422e+004  3.1817049e+007
  2.6560000e+003  9.5000000e+002  7.0553393e+004  3.1668285e+007
  2.6720000e+003  9.5000000e+002  6.9860841e+004  3.1535421e+007
  2.6880000e+003  9.5000000e+002  6.8827330e+004  3.1349559e+007
  2.7040000e+003  9.5000000e+002  6.9161047e+004  3.1331215e+007
  2.7200000e+003  9.5000000e+002  6.9492692e+004  3.1351834e+007
  2.7360000e+003  9.5000000e+002  6.7422931e+004  3.1075886e+007
  2.7520000e+003  9.5000000e+002  6.3692445e+004  3.0493333e+007
  2.7680000e+003  9.5000000e+002  6.4160681e+004  3.0465978e+007
  2.7840000e+003  9.5000000e+002  6.4709774e+004  3.0478559e+007
  2.8000000e+003  9.5000000e+002  6.2310270e+004  3.0068170e+007
  2.8160000e+003  9.5000000e+002  6.0381048e+004  2.9680130e+007
  2.8320000e+003  9.5000000e+002  6.1496977e+004  2.9758660e+007
  2.8480000e+003  9.5000000e+002  6.1617340e+004  2.9707731e+007
  2.8640000e+003  9.5000000e+002  5.9079623e+004  2.9231703e+007
  2.8800000e+003  9.5000000e+002  5.7697834e+004  2.8904823e+007
  2.8960000e+003  9.5000000e+002  5.6762822e+004  2.8642089e+007
  2.9120000e+003  9.5000000e+002  5.6184559e+004  2.8436897e+007
  2.9280000e+003  9.5000000e+002  5.6352791e+004  2.8370893e+007
  2.9440000e+003  9.5000000e+002  5.5530643e+004  2.8137406e+007
  2.9600000e+003  9.5000000e+002  5.4311097e+004  2.7818935e+007
  2.9760000e+003  9.5000000e+002  5.5999872e+004  2.8075036e+007
  2.9920000e+003  9.5000000e+002  5.5755782e+004  2.8022950e+007
  3.0080000e+003  9.5000000e+002  5.5382369e+004  2.7954969e+007
  3.0240000e+003  9.5000000e+002  5.5002990e+004  2.7886822e+007
  3.0400000e+003  9.5000000e+002  5.4625901e+004  2.7818773e+007
  3.0560000e+003  9.5000000e+002  5.4251963e+004  2.7750749e+007
  3.0720000e+003  9.5000000e+002  5.3881261e+004  2.7682728e+007
  3.0880000e+003  9.5000000e+002  5.3513789e+004  2.7614709e+007
  3.1040000e+003  9.5000000e+002  5.3149511e+004  2.7546690e+007
  3.1200000e+003  9.5000000e+002  5.2788387e+004  2.7478671e+007
  3.1360000e+003  9.5000000e+002  5.2430377e+004  2.7410651e+007
  3.1520000e+003  9.5000000e+002  5.2075441e+004  2.7342632e+007
  3.1680000e+003  9.5000000e+002  5.1723539e+004  2.7274613e+007
  3.1840000e+003  9.5000000e+002  5.1374633e+004  2.7206594e+007
  3.2000000e+003  9.5000000e+002  5.1028686e+004  2.7138575e+007
  3.2160000e+003  9.5000000e+002  5.0685683e+004  2.7070560e+007
  3.2320000e+003  9.5000000e+002  5.0345563e+004  2.7002546e+007
  3.2480000e+003  9.5000000e+002  5.0008289e+004  2.6934531e+007
  3.2640000e+003  9.5000000e+002  4.9383571e+004  2.6801359e+007
  3.2800000e+003  9.5000000e+002  4.7908250e+004  2.6439744e+007
  3.2960000e+003  9.5000000e+002  4.7078194e+004  2.6181498e+007
  3.3120000e+003  9.5000000e+002  4.5808019e+004  2.5807206e+007
  3.3280000e+003  9.5000000e+002  4.4968214e+004  2.5510879e+007
  3.3440000e+003  9.5000000e+002  4.4336123e+004  2.5256924e+007
  3.3600000e+003  9.5000000e+002  4.3751954e+004  2.5011840e+007
  3.3760000e+003  9.5000000e+002  4.3182676e+004  2.4768558e+007
  3.3920000e+003  9.5000000e+002  4.2694251e+004  2.4543769e+007
  3.4080000e+003  9.5000000e+002  4.2552001e+004  2.4407062e+007
  3.4240000e+003  9.5000000e+002  4.2248627e+004  2.4231549e+007
  3.4400000e+003  9.5000000e+002  4.1861618e+004  2.4032585e+007
  3.4560000e+003  9.5000000e+002  4.2417097e+004  2.4076986e+007
  3.4720000e+003  9.5000000e+002  4.3161830e+004  2.4199356e+007
  3.4880000e+003  9.5000000e+002  4.2889098e+004  2.4076259e+007
  3.5040000e+003  9.5000000e+002  4.2591863e+004  2.3934448e+007
  3.5200000e+003  9.5000000e+002  4.1687831e+004  2.3627778e+007
  3.5360000e+003  9.5000000e+002  4.1040014e+004  2.3366490e+007
  3.5520000e+003  9.5000000e+002  4.0661316e+004  2.3170200e+007
  3.5680000e+003  9.5000000e+002  4.0338942e+004  2.2987816e+007
  3.5840000e+003  9.5000000e+002  4.0027792e+004  2.2808272e+007
  3.6000000e+003  9.5000000e+002  3.9718748e+004  2.2629302e+007
  3.6160000e+003  9.5000000e+002  4.1065163e+004  2.2921603e+007
  3.6320000e+003  9.5000000e+002  4.1044239e+004  2.2870808e+007
  3.6480000e+003  9.5000000e+002  3.9580847e+004  2.2406587e+007
  3.6640000e+003  9.5000000e+002  3.8989692e+004  2.2155160e+007
  3.6800000e+003  9.5000000e+002  3.8621454e+004  2.1961055e+007
  3.6960000e+003  9.5000000e+002  3.8820515e+004  2.1927238e+007
  3.7120000e+003  9.5000000e+002  3.9124004e+004  2.1937409e+007
  3.7280000e+003  9.5000000e+002  3.8516414e+004  2.1696182e+007
  3.7440000e+003  9.5000000e+002  3.7880218e+004  2.1431295e+007
  3.7600000e+003  9.5000000e+002  3.7499848e+004  2.1234201e+007
  3.7760000e+003  9.5000000e+002  3.7173301e+004  2.1051652e+007
  3.7920000e+003  9.5000000e+002  3.7710673e+004  2.1126731e+007
  3.8080000e+003  9.5000000e+002  3.7841168e+004  2.1097551e+007
  3.8240000e+003  9.5000000e+002  3.8647966e+004  2.1277894e+007
  3.8400000e+003  9.5000000e+002  3.8810102e+004  2.1294491e+007
  3.8560000e+003  9.5000000e+002  3.9007550e+004  2.1336687e+007
  3.8720000e+003  9.5000000e+002  3.8940546e+004  2.1315088e+007
  3.8880000e+003  9.5000000e+002  3.8324978e+004  2.1111302e+007
  3.9040000e+003  9.5000000e+002  3.8077828e+004  2.0993552e+007
  3.9200000e+003  9.5000000e+002  3.7947954e+004  2.0904000e+007
  3.9360000e+003  9.5000000e+002  3.8135350e+004  2.0904906e+007
  3.9520000e+003  9.5000000e+002  3.8328061e+004  2.0917344e+007
  3.9680000e+003  9.5000000e+002  3.7449370e+004  2.0621445e+007
  3.9840000e+003  9.5000000e+002  3.6482120e+004  2.0266168e+007
  4.0000000e+003  9.5000000e+002  3.6016075e+004  2.0047234e+007
  4.0160000e+003  9.4995333e+002  3.5783614e+004  1.9896131e+007
  4.0320000e+003  9.4989111e+002  3.5612831e+004  1.9763628e+007
  4.0480000e+003  9.4982889e+002  3.5445028e+004  1.9632465e+007
  4.0640000e+003  9.4976667e+002  3.5276490e+004  1.9501572e+007
  4.0800000e+003  9.4970444e+002  3.5106491e+004  1.9370734e+007
  4.0960000e+003  9.4964222e+002  3.6386421e+004  1.9715192e+007
  4.1120000e+003  9.4958000e+002  3.6456567e+004  1.9727279e+007
  4.1280000e+003  9.4951778e+002  3.4960978e+004  1.9230641e+007
  4.1440000e+003  9.4945556e+002  3.4510297e+004  1.9020915e+007
  4.1600000e+003  9.4939333e+002  3.4504892e+004  1.8948005e+007
  4.1760000e+003  9.4933111e+002  3.4975028e+004  1.9024715e+007
  4.1920000e+003  9.4926889e+002  3.5523647e+004  1.9141146e+007
  4.2080000e+003  9.4920667e+002  3.6159923e+004  1.9292606e+007
  4.2240000e+003  9.4914444e+002  3.6489957e+004  1.9374007e+007
  4.2400000e+003  9.4908222e+002  3.5647693e+004  1.9100605e+007
  4.2560000e+003  9.4902000e+002  3.4860360e+004  1.8803638e+007
  4.2720000e+003  9.4895778e+002  3.4377782e+004  1.8586816e+007
  4.2880000e+003  9.4889556e+002  3.4105023e+004  1.8429888e+007
  4.3040000e+003  9.4883333e+002  3.3901305e+004  1.8293718e+007
  4.3200000e+003  9.4877111e+002  3.3710574e+004  1.8161811e+007
  4.3360000e+003  9.4870889e+002  3.3521375e+004  1.8030768e+007
  4.3520000e+003  9.4864667e+002  3.3462205e+004  1.7941106e+007
  4.3680000e+003  9.4858444e+002  3.3805631e+004  1.7984755e+007
  4.3840000e+003  9.4852222e+002  3.3619977e+004  1.7867209e+007
  4.4000000e+003  9.4846000e+002  3.3138992e+004  1.7650509e+007
  4.4160000e+003  9.4839778e+002  3.3590891e+004  1.7728113e+007
  4.4320000e+003  9.4833556e+002  3.4372701e+004  1.7935104e+007
  4.4480000e+003  9.4827333e+002  3.3672822e+004  1.7688408e+007
  4.4640000e+003  9.4821111e+002  3.2784125e+004  1.7351511e+007
  4.4800000e+003  9.4814889e+002  3.2426960e+004  1.7172515e+007
  4.4960000e+003  9.4808667e+002  3.2194208e+004  1.7031701e+007
  4.5120000e+003  9.4802444e+002  3.2506613e+004  1.7068778e+007
  4.5280000e+003  9.4796222e+002  3.2722533e+004  1.7081313e+007
  4.5440000e+003  9.4790000e+002  3.3636361e+004  1.7343959e+007
  4.5600000e+003  9.4783778e+002  3.3823406e+004  1.7397042e+007
  4.5760000e+003  9.4777556e+002  3.3969714e+004  1.7441043e+007
  4.5920000e+003  9.4771333e+002  3.4113837e+004  1.7484959e+007
  4.6080000e+003  9.4765111e+002  3.4258180e+004  1.7528933e+007
  4.6240000e+003  9.4758889e+002  3.4402981e+004  1.7572921e+007
  4.6400000e+003  9.4752667e+002  3.4548266e+004  1.7616912e+007
  4.6560000e+003  9.4746444e+002  3.4694049e+004  1.7660904e+007
  4.6720000e+003  9.4740222e+002  3.4840333e+004  1.7704896e+007
  4.6880000e+003  9.4734000e+002  3.4987122e+004  1.7748887e+007
  4.7040000e+003  9.4727778e+002  3.5134419e+004  1.7792879e+007
  4.7200000e+003  9.4721556e+002  3.5282226e+004  1.7836870e+007
  4.7360000e+003  9.4715333e+002  3.5430546e+004  1.7880862e+007
  4.7520000e+003  9.4709111e+002  3.5579382e+004  1.7924854e+007
  4.7680000e+003  9.4702889e+002  3.5728737e+004  1.7968846e+007
  4.7840000e+003  9.4696667e+002  3.5878621e+004  1.8012840e+007
  4.8000000e+003  9.4690444e+002  3.6029029e+004  1.8056834e+007
  4.8160000e+003  9.4684222e+002  3.6179963e+004  1.8100828e+007
  4.8320000e+003  9.4678000e+002  3.6005373e+004  1.8045579e+007
  4.8480000e+003  9.4671778e+002  3.4677913e+004  1.7607195e+007
  4.8640000e+003  9.4665556e+002  3.4604878e+004  1.7524915e+007
  4.8800000e+003  9.4659333e+002  3.5236493e+004  1.7666305e+007
  4.8960000e+003  9.4653111e+002  3.5087631e+004  1.7579484e+007
  4.9120000e+003  9.4646889e+002  3.4756102e+004  1.7428928e+007
  4.9280000e+003  9.4640667e+002  3.5397403e+004  1.7569760e+007
  4.9440000e+003  9.4634444e+002  3.5906434e+004  1.7688912e+007
  4.9600000e+003  9.4628222e+002  3.5047595e+004  1.7402802e+007
  4.9760000e+003  9.4622000e+002  3.4322304e+004  1.7129681e+007
  4.9920000e+003  9.4615778e+002  3.5017583e+004  1.7283647e+007
  5.0080000e+003  9.4609556e+002  3.5347624e+004  1.7339523e+007
  5.0240000e+003  9.4603333e+002  3.4438964e+004  1.7021431e+007
  5.0400000e+003  9.4597111e+002  3.4012428e+004  1.6834155e+007
  5.0560000e+003  9.4590889e+002  3.3771282e+004  1.6700519e+007
  5.0720000e+003  9.4584667e+002  3.3691343e+004  1.6615798e+007
  5.0880000e+003  9.4578444e+002  3.3958329e+004  1.6642176e+007
  5.1040000e+003  9.4572222e+002  3.3567042e+004  1.6472522e+007
  5.1200000e+003  9.4566000e+002  3.2901891e+004  1.6212905e+007
  5.1360000e+003  9.4559778e+002  3.2853631e+004  1.6141194e+007
  5.1520000e+003  9.4553556e+002  3.2941283e+004  1.6119485e+007
  5.1680000e+003  9.4547333e+002  3.2836355e+004  1.6041778e+007
  5.1840000e+003  9.4541111e+002  3.2683291e+004  1.5950687e+007
  5.2000000e+003  9.4534889e+002  3.1944729e+004  1.5674969e+007
  5.2160000e+003  9.4528667e+002  3.1343473e+004  1.5431871e+007
  5.2320000e+003  9.4522444e+002  3.1168950e+004  1.5322734e+007
  5.2480000e+003  9.4516222e+002  3.0921890e+004  1.5192921e+007
  5.2640000e+003  9.4510000e+002  3.1628959e+004  1.5375596e+007
  5.2800000e+003  9.4503778e+002  3.1726566e+004  1.5377001e+007
  5.2960000e+003  9.4497556e+002  3.0415069e+004  1.4920712e+007
  5.3120000e+003  9.4491333e+002  3.0015635e+004  1.4741208e+007
  5.3280000e+003  9.4485111e+002  3.0717506e+004  1.4929638e+007
  5.3440000e+003  9.4478889e+002  3.0357485e+004  1.4785068e+007
  5.3600000e+003  9.4472667e+002  2.9307880e+004  1.4400675e+007
  5.3760000e+003  9.4466444e+002  2.9376533e+004  1.4374851e+007
  5.3920000e+003  9.4460222e+002  2.9693936e+004  1.4442720e+007
  5.4080000e+003  9.4454000e+002  2.9362603e+004  1.4302677e+007
  5.4240000e+003  9.4447778e+002  2.9004754e+004  1.4147882e+007
  5.4400000e+003  9.4441556e+002  2.8283352e+004  1.3867868e+007
  5.4560000e+003  9.4435333e+002  2.7681189e+004  1.3618463e+007
  5.4720000e+003  9.4429111e+002  2.7209217e+004  1.3410091e+007
  5.4880000e+003  9.4422889e+002  2.6769992e+004  1.3211880e+007
  5.5040000e+003  9.4416667e+002  2.7004973e+004  1.3248669e+007
  5.5200000e+003  9.4410444e+002  2.6899859e+004  1.3174871e+007
  5.5360000e+003  9.4404222e+002  2.6021214e+004  1.2831011e+007
  5.5520000e+003  9.4398000e+002  2.5616281e+004  1.2644891e+007
  5.5680000e+003  9.4391778e+002  2.5668892e+004  1.2622634e+007
  5.5840000e+003  9.4385556e+002  2.5376458e+004  1.2482678e+007
  5.6000000e+003  9.4379333e+002  2.4936197e+004  1.2288512e+007
  5.6160000e+003  9.4373111e+002  2.5126149e+004  1.2317095e+007
  5.6320000e+003  9.4366889e+002  2.5424984e+004  1.2396325e+007
  5.6480000e+003  9.4360667e+002  2.4915131e+004  1.2194693e+007
  5.6640000e+003  9.4354444e+002  2.4335970e+004  1.1956684e+007
  5.6800000e+003  9.4348222e+002  2.3657576e+004  1.1676756e+007
  5.6960000e+003  9.4342000e+002  2.3104120e+004  1.1435538e+007
  5.7120000e+003  9.4335778e+002  2.3553198e+004  1.1562086e+007
  5.7280000e+003  9.4329556e+002  2.3629223e+004  1.1562733e+007
  5.7440000e+003  9.4323333e+002  2.3811188e+004  1.1606291e+007
  5.7600000e+003  9.4317111e+002  2.3792523e+004  1.1582120e+007
  5.7760000e+003  9.4310889e+002  2.2510776e+004  1.1090134e+007
  5.7920000e+003  9.4304667e+002  2.1852803e+004  1.0810106e+007
  5.8080000e+003  9.4298444e+002  2.1382935e+004  1.0596482e+007
  5.8240000e+003  9.4292222e+002  2.0954058e+004  1.0397192e+007
  5.8400000e+003  9.4286000e+002  2.0534434e+004  1.0200833e+007
  5.8560000e+003  9.4279778e+002  2.0748500e+004  1.0246800e+007
  5.8720000e+003  9.4273556e+002  2.1156292e+004  1.0380421e+007
  5.8880000e+003  9.4267333e+002  2.0441786e+004  1.0094350e+007
  5.9040000e+003  9.4261111e+002  1.9538994e+004  9.7183356e+006
  5.9200000e+003  9.4254889e+002  1.9649099e+004  9.7288529e+006
  5.9360000e+003  9.4248667e+002  1.9665553e+004  9.7095405e+006
  5.9520000e+003  9.4242444e+002  1.9882043e+004  9.7707616e+006
  5.9680000e+003  9.4236222e+002  1.9885767e+004  9.7556081e+006
  5.9840000e+003  9.4230000e+002  1.9544814e+004  9.6074671e+006
  6.0000000e+003  9.4223778e+002  1.9341665e+004  9.5086889e+006
  6.0160000e+003  9.4217556e+002  1.8323396e+004  9.0865973e+006
  6.0320000e+003  9.4211333e+002  1.7765465e+004  8.8354016e+006
  6.0480000e+003  9.4205111e+002  1.7323697e+004  8.6281680e+006
  6.0640000e+003  9.4198889e+002  1.6925363e+004  8.4376022e+006
  6.0800000e+003  9.4192667e+002  1.6552519e+004  8.2572463e+006
  6.0960000e+003  9.4186444e+002  1.6423757e+004  8.1760877e+006
  6.1120000e+003  9.4180222e+002  1.6363401e+004  8.1263920e+006
  6.1280000e+003  9.4174000e+002  1.5836220e+004  7.8881036e+006
  6.1440000e+003  9.4167778e+002  1.5272968e+004  7.6302506e+006
  6.1600000e+003  9.4161556e+002  1.5455913e+004  7.6796648e+006
  6.1760000e+003  9.4155333e+002  1.5486553e+004  7.6721583e+006
  6.1920000e+003  9.4149111e+002  1.4836238e+004  7.3846398e+006
  6.2080000e+003  9.4142889e+002  1.4346000e+004  7.1573470e+006
  6.2240000e+003  9.4136667e+002  1.4628876e+004  7.2533576e+006
  6.2400000e+003  9.4130444e+002  1.4589624e+004  7.2197509e+006
  6.2560000e+003  9.4124222e+002  1.3645006e+004  6.8055271e+006
  6.2720000e+003  9.4118000e+002  1.3301882e+004  6.6373686e+006
  6.2880000e+003  9.4111778e+002  1.3929530e+004  6.8883382e+006
  6.3040000e+003  9.4105556e+002  1.3750606e+004  6.8076990e+006
  6.3200000e+003  9.4099333e+002  1.3152579e+004  6.5429240e+006
  6.3360000e+003  9.4093111e+002  1.3174120e+004  6.5358614e+006
  6.3520000e+003  9.4086889e+002  1.3301840e+004  6.5786966e+006
  6.3680000e+003  9.4080667e+002  1.3093726e+004  6.4815337e+006
  6.3840000e+003  9.4074444e+002  1.2869672e+004  6.3745982e+006
  6.4000000e+003  9.4068222e+002  1.2938781e+004  6.3916693e+006
  6.4160000e+003  9.4062000e+002  1.2930378e+004  6.3788375e+006
  6.4320000e+003  9.4055778e+002  1.2901000e+004  6.3581982e+006
  6.4480000e+003  9.4049556e+002  1.2844638e+004  6.3268855e+006
  6.4640000e+003  9.4043333e+002  1.2872615e+004  6.3325547e+006
  6.4800000e+003  9.4037111e+002  1.2842240e+004  6.3153283e+006
  6.4960000e+003  9.4030889e+002  1.2830349e+004  6.3084349e+006
  6.5120000e+003  9.4024667e+002  1.2783875e+004  6.2885450e+006
  6.5280000e+003  9.4018444e+002  1.2736246e+004  6.2684572e+006
  6.5440000e+003  9.4012222e+002  1.2688673e+004  6.2484308e+006
  6.5600000e+003  9.4006000e+002  1.2641167e+004  6.2284214e+006
  6.5760000e+003  9.3999778e+002  1.2593712e+004  6.2084147e+006
  6.5920000e+003  9.3993556e+002  1.2546309e+004  6.1884085e+006
  6.6080000e+003  9.3987333e+002  1.2498957e+004  6.1684024e+006
  6.6240000e+003  9.3981111e+002  1.2451657e+004  6.1483964e+006
  6.6400000e+003  9.3974889e+002  1.2404408e+004  6.1283903e+006
  6.6560000e+003  9.3968667e+002  1.2357210e+004  6.1083843e+006
  6.6720000e+003  9.3962444e+002  1.2310064e+004  6.0883782e+006
  6.6880000e+003  9.3956222e+002  1.2262968e+004  6.0683722e+006
  6.7040000e+003  9.3950000e+002  1.2215924e+004  6.0483661e+006
  6.7200000e+003  9.3943778e+002  1.2168930e+004  6.0283602e+006
  6.7360000e+003  9.3937556e+002  1.2121992e+004  6.0083562e+006
  6.7520000e+003  9.3931333e+002  1.2075105e+004  5.9883522e+006
  6.7680000e+003  9.3925111e+002  1.2028269e+004  5.9683481e+006
  6.7840000e+003  9.3918889e+002  1.2018873e+004  5.9643441e+006
  6.8000000e+003  9.3912667e+002  1.2121819e+004  6.0083401e+006
  6.8160000e+003  9.3906444e+002  1.2225008e+004  6.0523360e+006
  6.8320000e+003  9.3900222e+002  1.2328441e+004  6.0963320e+006
  6.8480000e+003  9.3894000e+002  1.2432120e+004  6.1403280e+006
  6.8640000e+003  9.3887778e+002  1.2536044e+004  6.1843239e+006
  6.8800000e+003  9.3881556e+002  1.2640216e+004  6.2283199e+006
  6.8960000e+003  9.3875333e+002  1.2744635e+004  6.2723159e+006
  6.9120000e+003  9.3869111e+002  1.2849302e+004  6.3163118e+006
  6.9280000e+003  9.3862889e+002  1.2954219e+004  6.3603078e+006
  6.9440000e+003  9.3856667e+002  1.3059387e+004  6.4043038e+006
  6.9600000e+003  9.3850444e+002  1.3164805e+004  6.4482997e+006
  6.9760000e+003  9.3844222e+002  1.3270476e+004  6.4922957e+006
  6.9920000e+003  9.3838000e+002  1.3376401e+004  6.5362917e+006
  7.0080000e+003  9.3831778e+002  1.3482579e+004  6.5802876e+006
  7.0240000e+003  9.3825556e+002  1.3589012e+004  6.6242836e+006
  7.0400000e+003  9.3819333e+002  1.3695701e+004  6.6682796e+006
  7.0560000e+003  9.3813111e+002  1.3802646e+004  6.7122755e+006
  7.0720000e+003  9.3806889e+002  1.3909850e+004  6.7562715e+006
  7.0880000e+003  9.3800667e+002  1.4017312e+004  6.8002675e+006
  7.1040000e+003  9.3794444e+002  1.4125033e+004  6.8442634e+006
  7.1200000e+003  9.3788222e+002  1.4233015e+004  6.8882594e+006
  7.1360000e+003  9.3782000e+002  1.4341259e+004  6.9322554e+006
  7.1520000e+003  9.3775778e+002  1.4449765e+004  6.9762514e+006
  7.1680000e+003  9.3769556e+002  1.4558534e+004  7.0202473e+006
  7.1840000e+003  9.3763333e+002  1.4667568e+004  7.0642433e+006
  7.2000000e+003  9.3757111e+002  1.4776867e+004  7.1082393e+006
  7.2160000e+003  9.3750889e+002  1.4886432e+004  7.1522352e+006
  7.2320000e+003  9.3744667e+002  1.4996265e+004  7.1962312e+006
  7.2480000e+003  9.3738444e+002  1.5106366e+004  7.2402272e+006
  7.2640000e+003  9.3732222e+002  1.5216736e+004  7.2842231e+006
  7.2800000e+003  9.3726000e+002  1.5327376e+004  7.3282191e+006
  7.2960000e+003  9.3719778e+002  1.5438288e+004  7.3722151e+006
  7.3120000e+003  9.3713556e+002  1.5549471e+004  7.4162110e+006
  7.3280000e+003  9.3707333e+002  1.5660928e+004  7.4602070e+006
  7.3440000e+003  9.3701111e+002  1.5772660e+004  7.5042030e+006
  7.3600000e+003  9.3694889e+002  1.5884666e+004  7.5481989e+006
  7.3760000e+003  9.3688667e+002  1.5996949e+004  7.5921949e+006
  7.3920000e+003  9.3682444e+002  1.6109509e+004  7.6361909e+006
  7.4080000e+003  9.3676222e+002  1.6222347e+004  7.6801868e+006
  7.4240000e+003  9.3670000e+002  1.6335464e+004  7.7241828e+006
  7.4400000e+003  9.3663778e+002  1.6448862e+004  7.7681788e+006
  7.4560000e+003  9.3657556e+002  1.6562542e+004  7.8121747e+006
  7.4720000e+003  9.3651333e+002  1.6676504e+004  7.8561707e+006
  7.4880000e+003  9.3645111e+002  1.6790749e+004  7.9001667e+006
  7.5040000e+003  9.3638889e+002  1.6905279e+004  7.9441626e+006
  7.5200000e+003  9.3632667e+002  1.7020095e+004  7.9881586e+006
  7.5360000e+003  9.3626444e+002  1.7135198e+004  8.0321546e+006
  7.5520000e+003  9.3620222e+002  1.7250588e+004  8.0761505e+006
  7.5680000e+003  9.3614000e+002  1.7366267e+004  8.1201465e+006
  7.5840000e+003  9.3607778e+002  1.7482237e+004  8.1641425e+006
  7.6000000e+003  9.3601556e+002  1.7598497e+004  8.2081384e+006
  7.6160000e+003  9.3595333e+002  1.7715050e+004  8.2521344e+006
  7.6320000e+003  9.3589111e+002  1.7831896e+004  8.2961304e+006
  7.6480000e+003  9.3582889e+002  1.7949036e+004  8.3401263e+006
  7.6640000e+003  9.3576667e+002  1.8066472e+004  8.3841223e+006
  7.6800000e+003  9.3570444e+002  1.8184204e+004  8.4281183e+006
  7.6960000e+003  9.3564222e+002  1.8302234e+004  8.4721142e+006
  7.7120000e+003  9.3558000e+002  1.8420563e+004  8.5161102e+006
  7.7280000e+003  9.3551778e+002  1.8539192e+004  8.5601062e+006
  7.7440000e+003  9.3545556e+002  1.8658123e+004  8.6041021e+006
  7.7600000e+003  9.3539333e+002  1.8777355e+004  8.6480981e+006
  7.7760000e+003  9.3533111e+002  1.8896892e+004  8.6920941e+006
  7.7920000e+003  9.3526889e+002  1.9016732e+004  8.7360900e+006
  7.8080000e+003  9.3520667e+002  1.9136879e+004  8.7800860e+006
  7.8240000e+003  9.3514444e+002  1.9257333e+004  8.8240820e+006
  7.8400000e+003  9.3508222e+002  1.9378095e+004  8.8680779e+006
  7.8560000e+003  9.3502000e+002  1.9499166e+004  8.9120739e+006
  7.8720000e+003  9.3495778e+002  1.9620548e+004  8.9560699e+006
  7.8880000e+003  9.3489556e+002  1.9742241e+004  9.0000658e+006
  7.9040000e+003  9.3483333e+002  1.9864248e+004  9.0440618e+006
  7.9200000e+003  9.3477111e+002  1.9986568e+004  9.0880578e+006
  7.9360000e+003  9.3470889e+002  2.0109204e+004  9.1320537e+006
  7.9520000e+003  9.3464667e+002  2.0232157e+004  9.1760497e+006
  7.9680000e+003  9.3458444e+002  2.0355428e+004  9.2200457e+006
  7.9840000e+003  9.3452222e+002  2.0479017e+004  9.2640416e+006
  8.0000000e+003  9.3446000e+002  2.0602927e+004  9.3080376e+006
