  0.0000000e+000  9.5000000e+002             NaN  4.3200000e+007
  1.6000000e+001  9.5000000e+002  1.7001064e+004  4.2932525e+007
  3.2000000e+001  9.5000000e+002  3.2576858e+004  4.2810704e+007
  4.8000000e+001  9.5000000e+002  5.4826180e+004  4.2829304e+007
  6.4000000e+001  9.5000000e+002  6.6662175e+004  4.2788487e+007
  8.0000000e+001  9.5000000e+002  7.3835134e+004  4.2729469e+007
  9.6000000e+001  9.5000000e+002  9.0365974e+004  4.2735017e+007
  1.1200000e+002  9.5000000e+002  1.0563685e+005  4.2745243e+007
  1.2800000e+002  9.5000000e+002  8.5916831e+004  4.2569881e+007
  1.4400000e+002  9.5000000e+002  7.7316498e+004  4.2386086e+007
  1.6000000e+002  9.5000000e+002  9.4020637e+004  4.2433355e+007
  1.7600000e+002  9.5000000e+002  1.0444396e+005  4.2438868e+007
  1.9200000e+002  9.5000000e+002  9.0209792e+004  4.2234187e+007
  2.0800000e+002  9.5000000e+002  8.7358474e+004  4.2095310e+007
  2.2400000e+002  9.5000000e+002  1.0319016e+005  4.2177161e+007
  2.4000000e+002  9.5000000e+002  1.0899222e+005  4.2162577e+007
  2.5600000e+002  9.5000000e+002  1.0549580e+005  4.2056350e+007
  2.7200000e+002  9.5000000e+002  1.1046033e+005  4.2034007e+007
  2.8800000e+002  9.5000000e+002  1.2748263e+005  4.2142272e+007
  3.0400000e+002  9.5000000e+002  1.2926090e+005  4.2123374e+007
  3.2000000e+002  9.5000000e+002  1.2764431e+005  4.2071992e+007
  3.3600000e+002  9.5000000e+002  1.1864100e+005  4.1942604e+007
  3.5200000e+002  9.5000000e+002  1.1025830e+005  4.1779563e+007
  3.6800000e+002  9.5000000e+002  1.1991796e+005  4.1823780e+007
  3.8400000e+002  9.5000000e+002  1.2712142e+005  4.1852045e+007
  4.0000000e+002  9.5000000e+002  1.2201247e+005  4.1748713e+007
  4.1600000e+002  9.5000000e+002  1.1979521e+005  4.1663497e+007
  4.3200000e+002  9.5000000e+002  1.2631292e+005  4.1685820e+007
  4.4800000e+002  9.5000000e+002  1.2914521e+005  4.1671421e+007
  4.6400000e+002  9.5000000e+002  1.2899460e+005  4.1623441e+007
  4.8000000e+002  9.5000000e+002  1.2962593e+005  4.1583715e+007
  4.9600000e+002  9.5000000e+002  1.3250979e+005  4.1579715e+007
  5.1200000e+002  9.5000000e+002  1.3432454e+005  4.1569802e+007
  5.2800000e+002  9.5000000e+002  1.3507722e+005  4.1548401e+007
  5.4400000e+002  9.5000000e+002  1.3045843e+005  4.1459675e+007
  5.6000000e+002  9.5000000e+002  1.2161062e+005  4.1283065e+007
  5.7600000e+002  9.5000000e+002  1.2167141e+005  4.1221554e+007
  5.9200000e+002  9.5000000e+002  1.2459815e+005  4.1212677e+007
  6.0800000e+002  9.5000000e+002  1.2675358e+005  4.1197059e+007
  6.2400000e+002  9.5000000e+002  1.2888804e+005  4.1188647e+007
  6.4000000e+002  9.5000000e+002  1.2984103e+005  4.1164802e+007
  6.5600000e+002  9.5000000e+002  1.3058146e+005  4.1138255e+007
  6.7200000e+002  9.5000000e+002  1.2374803e+005  4.0983421e+007
  6.8800000e+002  9.5000000e+002  1.2146498e+005  4.0884070e+007
  7.0400000e+002  9.5000000e+002  1.2388455e+005  4.0870904e+007
  7.2000000e+002  9.5000000e+002  1.2547251e+005  4.0849019e+007
  7.3600000e+002  9.5000000e+002  1.2332728e+005  4.0756998e+007
  7.5200000e+002  9.5000000e+002  1.2337962e+005  4.0701854e+007
  7.6800000e+002  9.5000000e+002  1.2417897e+005  4.0661742e+007
  7.8400000e+002  9.5000000e+002  1.2389155e+005  4.0601144e+007
  8.0000000e+002  9.5000000e+002  1.2303675e+005  4.0525873e+007
  8.1600000e+002  9.5000000e+002  1.2391216e+005  4.0485012e+007
  8.3200000e+002  9.5000000e+002  1.2511209e+005  4.0454336e+007
  8.4800000e+002  9.5000000e+002  1.2642060e+005  4.0431259e+007
  8.6400000e+002  9.5000000e+002  1.2792239e+005  4.0427259e+007
  8.8000000e+002  9.5000000e+002  1.2425062e+005  4.0314143e+007
  8.9600000e+002  9.5000000e+002  1.2238092e+005  4.0223010e+007
  9.1200000e+002  9.5000000e+002  1.1932264e+005  4.0094432e+007
  9.2800000e+002  9.5000000e+002  1.1836479e+005  4.0006909e+007
  9.4400000e+002  9.5000000e+002  1.1976560e+005  3.9979072e+007
  9.6000000e+002  9.5000000e+002  1.2032245e+005  3.9933157e+007
  9.7600000e+002  9.5000000e+002  1.2164530e+005  3.9929157e+007
  9.9200000e+002  9.5000000e+002  1.2136780e+005  3.9901937e+007
  1.0080000e+003  9.5000000e+002  1.1767082e+005  3.9771663e+007
  1.0240000e+003  9.5000000e+002  1.1662610e+005  3.9699657e+007
  1.0400000e+003  9.5000000e+002  1.1628860e+005  3.9645226e+007
  1.0560000e+003  9.5000000e+002  1.1493065e+005  3.9560230e+007
  1.0720000e+003  9.5000000e+002  1.1351992e+005  3.9466107e+007
  1.0880000e+003  9.5000000e+002  1.1392423e+005  3.9425699e+007
  1.1040000e+003  9.5000000e+002  1.1460379e+005  3.9400907e+007
  1.1200000e+003  9.5000000e+002  1.1351230e+005  3.9322416e+007
  1.1360000e+003  9.5000000e+002  1.1278793e+005  3.9250573e+007
  1.1520000e+003  9.5000000e+002  1.0791846e+005  3.9029897e+007
  1.1680000e+003  9.5000000e+002  1.0556796e+005  3.8872845e+007
  1.1840000e+003  9.5000000e+002  1.0648519e+005  3.8835634e+007
  1.2000000e+003  9.5000000e+002  1.0631592e+005  3.8763467e+007
  1.2160000e+003  9.5000000e+002  1.0726291e+005  3.8738667e+007
  1.2320000e+003  9.5000000e+002  1.0736390e+005  3.8686379e+007
  1.2480000e+003  9.5000000e+002  1.0839600e+005  3.8680249e+007
  1.2640000e+003  9.5000000e+002  1.0794702e+005  3.8623803e+007
  1.2800000e+003  9.5000000e+002  1.0670223e+005  3.8529582e+007
  1.2960000e+003  9.5000000e+002  1.0596395e+005  3.8450573e+007
  1.3120000e+003  9.5000000e+002  1.0537619e+005  3.8374275e+007
  1.3280000e+003  9.5000000e+002  1.0572950e+005  3.8336990e+007
  1.3440000e+003  9.5000000e+002  1.0612969e+005  3.8308107e+007
  1.3600000e+003  9.5000000e+002  1.0576027e+005  3.8248781e+007
  1.3760000e+003  9.5000000e+002  1.0546085e+005  3.8190655e+007
  1.3920000e+003  9.5000000e+002  1.0387827e+005  3.8073309e+007
  1.4080000e+003  9.5000000e+002  1.0307630e+005  3.7982081e+007
  1.4240000e+003  9.5000000e+002  9.9921984e+004  3.7772205e+007
  1.4400000e+003  9.5000000e+002  9.8508597e+004  3.7629855e+007
  1.4560000e+003  9.5000000e+002  9.9347881e+004  3.7625855e+007
  1.4720000e+003  9.5000000e+002  9.9450790e+004  3.7608791e+007
  1.4880000e+003  9.5000000e+002  9.8549871e+004  3.7534909e+007
  1.5040000e+003  9.5000000e+002  9.6827442e+004  3.7410755e+007
  1.5200000e+003  9.5000000e+002  9.6334522e+004  3.7354522e+007
  1.5360000e+003  9.5000000e+002  9.6355151e+004  3.7349566e+007
  1.5520000e+003  9.5000000e+002  9.6270182e+004  3.7344139e+007
  1.5680000e+003  9.5000000e+002  9.6182899e+004  3.7339598e+007
  1.5840000e+003  9.5000000e+002  9.6096423e+004  3.7335295e+007
  1.6000000e+003  9.5000000e+002  9.6010173e+004  3.7331038e+007
  1.6160000e+003  9.5000000e+002  9.5924072e+004  3.7326791e+007
  1.6320000e+003  9.5000000e+002  9.5838101e+004  3.7322546e+007
  1.6480000e+003  9.5000000e+002  9.5752257e+004  3.7318302e+007
  1.6640000e+003  9.5000000e+002  9.5666538e+004  3.7314058e+007
  1.6800000e+003  9.5000000e+002  9.5580943e+004  3.7309813e+007
  1.6960000e+003  9.5000000e+002  9.5420481e+004  3.7301569e+007
  1.7120000e+003  9.5000000e+002  9.4150824e+004  3.7233324e+007
  1.7280000e+003  9.5000000e+002  9.2909903e+004  3.7165080e+007
  1.7440000e+003  9.5000000e+002  9.1696754e+004  3.7096835e+007
  1.7600000e+003  9.5000000e+002  9.0511222e+004  3.7028635e+007
  1.7760000e+003  9.5000000e+002  8.9351704e+004  3.6960440e+007
  1.7920000e+003  9.5000000e+002  8.8217277e+004  3.6892245e+007
  1.8080000e+003  9.5000000e+002  8.6338915e+004  3.6773867e+007
  1.8240000e+003  9.5000000e+002  8.0116656e+004  3.6293386e+007
  1.8400000e+003  9.5000000e+002  7.8745028e+004  3.6109760e+007
  1.8560000e+003  9.5000000e+002  7.7978113e+004  3.5980856e+007
  1.8720000e+003  9.5000000e+002  7.7468730e+004  3.5878074e+007
  1.8880000e+003  9.5000000e+002  7.6671089e+004  3.5759075e+007
  1.9040000e+003  9.5000000e+002  7.6072307e+004  3.5652836e+007
  1.9200000e+003  9.5000000e+002  7.5826435e+004  3.5571560e+007
  1.9360000e+003  9.5000000e+002  7.5721064e+004  3.5503560e+007
  1.9520000e+003  9.5000000e+002  7.5445574e+004  3.5422826e+007
  1.9680000e+003  9.5000000e+002  7.4818762e+004  3.5305501e+007
  1.9840000e+003  9.5000000e+002  7.4020612e+004  3.5167440e+007
  2.0000000e+003  9.5000000e+002  7.2921641e+004  3.4986035e+007
  2.0160000e+003  9.5000000e+002  7.2707738e+004  3.4882189e+007
  2.0320000e+003  9.5000000e+002  7.2584548e+004  3.4814189e+007
  2.0480000e+003  9.5000000e+002  7.1199241e+004  3.4629237e+007
  2.0640000e+003  9.5000000e+002  7.0178497e+004  3.4452685e+007
  2.0800000e+003  9.5000000e+002  6.8697592e+004  3.4213677e+007
  2.0960000e+003  9.5000000e+002  6.7888025e+004  3.4025393e+007
  2.1120000e+003  9.5000000e+002  6.7966760e+004  3.3936223e+007
  2.1280000e+003  9.5000000e+002  6.8104133e+004  3.3867917e+007
  2.1440000e+003  9.5000000e+002  6.7233374e+004  3.3686976e+007
  2.1600000e+003  9.5000000e+002  6.6890873e+004  3.3556201e+007
  2.1760000e+003  9.5000000e+002  6.7024615e+004  3.3488201e+007
  2.1920000e+003  9.5000000e+002  6.6519004e+004  3.3355531e+007
  2.2080000e+003  9.5000000e+002  6.3728749e+004  3.2920240e+007
  2.2240000e+003  9.5000000e+002  6.3035773e+004  3.2713616e+007
  2.2400000e+003  9.5000000e+002  6.3337098e+004  3.2643714e+007
  2.2560000e+003  9.5000000e+002  6.3394479e+004  3.2556747e+007
  2.2720000e+003  9.5000000e+002  6.3210441e+004  3.2488747e+007
  2.2880000e+003  9.5000000e+002  6.2128461e+004  3.2312391e+007
  2.3040000e+003  9.5000000e+002  6.1303951e+004  3.2137747e+007
  2.3200000e+003  9.5000000e+002  6.1122289e+004  3.2051724e+007
  2.3360000e+003  9.5000000e+002  6.0866033e+004  3.1983724e+007
  2.3520000e+003  9.5000000e+002  5.8678236e+004  3.1624934e+007
  2.3680000e+003  9.5000000e+002  5.7560648e+004  3.1367475e+007
  2.3840000e+003  9.5000000e+002  5.7640949e+004  3.1284551e+007
  2.4000000e+003  9.5000000e+002  5.7699605e+004  3.1205495e+007
  2.4160000e+003  9.5000000e+002  5.7344285e+004  3.1062189e+007
  2.4320000e+003  9.5000000e+002  5.7121363e+004  3.0936355e+007
  2.4480000e+003  9.5000000e+002  5.6751181e+004  3.0783366e+007
  2.4640000e+003  9.5000000e+002  5.6067060e+004  3.0576835e+007
  2.4800000e+003  9.5000000e+002  5.4963594e+004  3.0283785e+007
  2.4960000e+003  9.5000000e+002  5.4710996e+004  3.0127049e+007
  2.5120000e+003  9.5000000e+002  5.4780084e+004  3.0059049e+007
  2.5280000e+003  9.5000000e+002  5.4695757e+004  2.9976773e+007
  2.5440000e+003  9.5000000e+002  5.4596033e+004  2.9891397e+007
  2.5600000e+003  9.5000000e+002  5.3948393e+004  2.9707464e+007
  2.5760000e+003  9.5000000e+002  5.3578400e+004  2.9557967e+007
  2.5920000e+003  9.5000000e+002  5.3029658e+004  2.9370308e+007
  2.6080000e+003  9.5000000e+002  5.2468510e+004  2.9173327e+007
  2.6240000e+003  9.5000000e+002  5.2422906e+004  2.9090596e+007
  2.6400000e+003  9.5000000e+002  5.2312284e+004  2.9022155e+007
  2.6560000e+003  9.5000000e+002  5.1777566e+004  2.8873391e+007
  2.6720000e+003  9.5000000e+002  5.1362540e+004  2.8740527e+007
  2.6880000e+003  9.5000000e+002  5.0727300e+004  2.8554664e+007
  2.7040000e+003  9.5000000e+002  5.0437577e+004  2.8431506e+007
  2.7200000e+003  9.5000000e+002  5.0206035e+004  2.8363506e+007
  2.7360000e+003  9.5000000e+002  4.8878115e+004  2.8085318e+007
  2.7520000e+003  9.5000000e+002  4.6501597e+004  2.7502765e+007
  2.7680000e+003  9.5000000e+002  4.5970248e+004  2.7283613e+007
  2.7840000e+003  9.5000000e+002  4.5986877e+004  2.7215613e+007
  2.8000000e+003  9.5000000e+002  4.4492833e+004  2.6805182e+007
  2.8160000e+003  9.5000000e+002  4.3293958e+004  2.6417142e+007
  2.8320000e+003  9.5000000e+002  4.3191743e+004  2.6291677e+007
  2.8480000e+003  9.5000000e+002  4.3200493e+004  2.6217039e+007
  2.8640000e+003  9.5000000e+002  4.1623020e+004  2.5741012e+007
  2.8800000e+003  9.5000000e+002  4.0773587e+004  2.5414132e+007
  2.8960000e+003  9.5000000e+002  4.0204706e+004  2.5151397e+007
  2.9120000e+003  9.5000000e+002  3.9774019e+004  2.4922797e+007
  2.9280000e+003  9.5000000e+002  3.9818749e+004  2.4831523e+007
  2.9440000e+003  9.5000000e+002  3.9308822e+004  2.4598035e+007
  2.9600000e+003  9.5000000e+002  3.8472013e+004  2.4262440e+007
  2.9760000e+003  9.5000000e+002  3.8405723e+004  2.4194440e+007
  2.9920000e+003  9.5000000e+002  3.8196618e+004  2.4126440e+007
  3.0080000e+003  9.5000000e+002  3.7959953e+004  2.4058311e+007
  3.0240000e+003  9.5000000e+002  3.7719170e+004  2.3990163e+007
  3.0400000e+003  9.5000000e+002  3.7479327e+004  2.3922114e+007
  3.0560000e+003  9.5000000e+002  3.7241046e+004  2.3854090e+007
  3.0720000e+003  9.5000000e+002  3.7004406e+004  2.3786069e+007
  3.0880000e+003  9.5000000e+002  3.6769414e+004  2.3718050e+007
  3.1040000e+003  9.5000000e+002  3.6536058e+004  2.3650031e+007
  3.1200000e+003  9.5000000e+002  3.6304321e+004  2.3582012e+007
  3.1360000e+003  9.5000000e+002  3.6074188e+004  2.3513993e+007
  3.1520000e+003  9.5000000e+002  3.5845642e+004  2.3445973e+007
  3.1680000e+003  9.5000000e+002  3.5618666e+004  2.3377954e+007
  3.1840000e+003  9.5000000e+002  3.5393245e+004  2.3309935e+007
  3.2000000e+003  9.5000000e+002  3.5169363e+004  2.3241916e+007
  3.2160000e+003  9.5000000e+002  3.4947020e+004  2.3173902e+007
  3.2320000e+003  9.5000000e+002  3.4726183e+004  2.3105887e+007
  3.2480000e+003  9.5000000e+002  3.4506838e+004  2.3037872e+007
  3.2640000e+003  9.5000000e+002  3.4099002e+004  2.2904180e+007
  3.2800000e+003  9.5000000e+002  3.3140620e+004  2.2542564e+007
  3.2960000e+003  9.5000000e+002  3.2604233e+004  2.2284319e+007
  3.3120000e+003  9.5000000e+002  3.1771496e+004  2.1910027e+007
  3.3280000e+003  9.5000000e+002  3.1220322e+004  2.1613700e+007
  3.3440000e+003  9.5000000e+002  3.0804382e+004  2.1359745e+007
  3.3600000e+003  9.5000000e+002  3.0417297e+004  2.1114660e+007
  3.3760000e+003  9.5000000e+002  3.0037057e+004  2.0871379e+007
  3.3920000e+003  9.5000000e+002  2.9708066e+004  2.0646248e+007
  3.4080000e+003  9.5000000e+002  2.9615005e+004  2.0509541e+007
  3.4240000e+003  9.5000000e+002  2.9410135e+004  2.0334028e+007
  3.4400000e+003  9.5000000e+002  2.9146057e+004  2.0135064e+007
  3.4560000e+003  9.5000000e+002  2.9092918e+004  2.0018552e+007
  3.4720000e+003  9.5000000e+002  2.9254637e+004  2.0014552e+007
  3.4880000e+003  9.4997278e+002  2.9124133e+004  1.9910506e+007
  3.5040000e+003  9.4991056e+002  2.9054273e+004  1.9816695e+007
  3.5200000e+003  9.4984833e+002  2.8567097e+004  1.9557983e+007
  3.5360000e+003  9.4978611e+002  2.8248184e+004  1.9344696e+007
  3.5520000e+003  9.4972389e+002  2.8110714e+004  1.9196405e+007
  3.5680000e+003  9.4966167e+002  2.8009676e+004  1.9062022e+007
  3.5840000e+003  9.4959944e+002  2.7914099e+004  1.8930477e+007
  3.6000000e+003  9.4953722e+002  2.7817705e+004  1.8799508e+007
  3.6160000e+003  9.4947500e+002  2.8106657e+004  1.8843508e+007
  3.6320000e+003  9.4941278e+002  2.8150638e+004  1.8815390e+007
  3.6480000e+003  9.4935056e+002  2.7250040e+004  1.8399169e+007
  3.6640000e+003  9.4928833e+002  2.6951091e+004  1.8195743e+007
  3.6800000e+003  9.4922611e+002  2.6806035e+004  1.8049637e+007
  3.6960000e+003  9.4916389e+002  2.6852223e+004  1.7980832e+007
  3.7120000e+003  9.4910167e+002  2.7115414e+004  1.8011368e+007
  3.7280000e+003  9.4903944e+002  2.6798799e+004  1.7818099e+007
  3.7440000e+003  9.4897722e+002  2.6455734e+004  1.7601212e+007
  3.7600000e+003  9.4891500e+002  2.6293429e+004  1.7452118e+007
  3.7760000e+003  9.4885278e+002  2.6167856e+004  1.7317569e+007
  3.7920000e+003  9.4879056e+002  2.6359932e+004  1.7316704e+007
  3.8080000e+003  9.4872833e+002  2.6561828e+004  1.7331982e+007
  3.8240000e+003  9.4866611e+002  2.6772142e+004  1.7368265e+007
  3.8400000e+003  9.4860389e+002  2.6956722e+004  1.7412125e+007
  3.8560000e+003  9.4854167e+002  2.7102641e+004  1.7456125e+007
  3.8720000e+003  9.4847944e+002  2.7176770e+004  1.7481621e+007
  3.8880000e+003  9.4841722e+002  2.6851271e+004  1.7325836e+007
  3.9040000e+003  9.4835500e+002  2.6789963e+004  1.7256086e+007
  3.9200000e+003  9.4829278e+002  2.6813324e+004  1.7214533e+007
  3.9360000e+003  9.4823056e+002  2.6945976e+004  1.7215495e+007
  3.9520000e+003  9.4816833e+002  2.7159475e+004  1.7256977e+007
  3.9680000e+003  9.4810611e+002  2.6628365e+004  1.7008911e+007
  3.9840000e+003  9.4804389e+002  2.6021055e+004  1.6701634e+007
  4.0000000e+003  9.4798167e+002  2.5782464e+004  1.6530700e+007
  4.0160000e+003  9.4791944e+002  2.5626772e+004  1.6391597e+007
  4.0320000e+003  9.4785722e+002  2.5486743e+004  1.6259094e+007
  4.0480000e+003  9.4779500e+002  2.5348475e+004  1.6127930e+007
  4.0640000e+003  9.4773278e+002  2.5209176e+004  1.5997037e+007
  4.0800000e+003  9.4767056e+002  2.5068301e+004  1.5866199e+007
  4.0960000e+003  9.4760833e+002  2.5269730e+004  1.5910199e+007
  4.1120000e+003  9.4754611e+002  2.5273178e+004  1.5903548e+007
  4.1280000e+003  9.4748389e+002  2.4155997e+004  1.5406911e+007
  4.1440000e+003  9.4742167e+002  2.3801432e+004  1.5194565e+007
  4.1600000e+003  9.4735944e+002  2.3784414e+004  1.5121654e+007
  4.1760000e+003  9.4729722e+002  2.3839377e+004  1.5082200e+007
  4.1920000e+003  9.4723500e+002  2.4057417e+004  1.5126105e+007
  4.2080000e+003  9.4717278e+002  2.4229750e+004  1.5161334e+007
  4.2240000e+003  9.4711056e+002  2.4373932e+004  1.5205334e+007
  4.2400000e+003  9.4704833e+002  2.3755661e+004  1.4930960e+007
  4.2560000e+003  9.4698611e+002  2.3170123e+004  1.4633993e+007
  4.2720000e+003  9.4692389e+002  2.2802749e+004  1.4417171e+007
  4.2880000e+003  9.4686167e+002  2.2586850e+004  1.4260242e+007
  4.3040000e+003  9.4679944e+002  2.2420728e+004  1.4124073e+007
  4.3200000e+003  9.4673722e+002  2.2263606e+004  1.3992166e+007
  4.3360000e+003  9.4667500e+002  2.2107136e+004  1.3861123e+007
  4.3520000e+003  9.4661278e+002  2.1996191e+004  1.3750224e+007
  4.3680000e+003  9.4655056e+002  2.2178187e+004  1.3770748e+007
  4.3840000e+003  9.4648833e+002  2.2027701e+004  1.3653661e+007
  4.4000000e+003  9.4642611e+002  2.1656490e+004  1.3436961e+007
  4.4160000e+003  9.4636389e+002  2.1602372e+004  1.3357315e+007
  4.4320000e+003  9.4630167e+002  2.1775974e+004  1.3401315e+007
  4.4480000e+003  9.4623944e+002  2.1247593e+004  1.3147897e+007
  4.4640000e+003  9.4617722e+002  2.0588659e+004  1.2810999e+007
  4.4800000e+003  9.4611500e+002  2.0309994e+004  1.2632003e+007
  4.4960000e+003  9.4605278e+002  2.0120373e+004  1.2491190e+007
  4.5120000e+003  9.4599056e+002  2.0228466e+004  1.2484917e+007
  4.5280000e+003  9.4592833e+002  2.0273255e+004  1.2456577e+007
  4.5440000e+003  9.4586611e+002  2.0418442e+004  1.2500577e+007
  4.5600000e+003  9.4580389e+002  2.0528638e+004  1.2544577e+007
  4.5760000e+003  9.4574167e+002  2.0631793e+004  1.2588498e+007
  4.5920000e+003  9.4567944e+002  2.0733774e+004  1.2632414e+007
  4.6080000e+003  9.4561722e+002  2.0835902e+004  1.2676387e+007
  4.6240000e+003  9.4555500e+002  2.0938307e+004  1.2720376e+007
  4.6400000e+003  9.4549278e+002  2.1041000e+004  1.2764367e+007
  4.6560000e+003  9.4543056e+002  2.1143988e+004  1.2808359e+007
  4.6720000e+003  9.4536833e+002  2.1247274e+004  1.2852350e+007
  4.6880000e+003  9.4530611e+002  2.1350859e+004  1.2896342e+007
  4.7040000e+003  9.4524389e+002  2.1454745e+004  1.2940334e+007
  4.7200000e+003  9.4518167e+002  2.1558932e+004  1.2984325e+007
  4.7360000e+003  9.4511944e+002  2.1663423e+004  1.3028317e+007
  4.7520000e+003  9.4505722e+002  2.1768219e+004  1.3072309e+007
  4.7680000e+003  9.4499500e+002  2.1873321e+004  1.3116301e+007
  4.7840000e+003  9.4493278e+002  2.1978735e+004  1.3160295e+007
  4.8000000e+003  9.4487056e+002  2.2084459e+004  1.3204288e+007
  4.8160000e+003  9.4480833e+002  2.2190492e+004  1.3248282e+007
  4.8320000e+003  9.4474611e+002  2.2066667e+004  1.3193104e+007
  4.8480000e+003  9.4468389e+002  2.1116971e+004  1.2754720e+007
  4.8640000e+003  9.4462167e+002  2.0858603e+004  1.2592661e+007
  4.8800000e+003  9.4455944e+002  2.1056789e+004  1.2636661e+007
  4.8960000e+003  9.4449722e+002  2.0939268e+004  1.2550255e+007
  4.9120000e+003  9.4443500e+002  2.0689456e+004  1.2399700e+007
  4.9280000e+003  9.4437278e+002  2.0730805e+004  1.2375321e+007
  4.9440000e+003  9.4431056e+002  2.0893914e+004  1.2419321e+007
  4.9600000e+003  9.4424833e+002  2.0288912e+004  1.2132564e+007
  4.9760000e+003  9.4418611e+002  1.9766560e+004  1.1859443e+007
  4.9920000e+003  9.4412389e+002  1.9842307e+004  1.1847757e+007
  5.0080000e+003  9.4406167e+002  2.0008550e+004  1.1885183e+007
  5.0240000e+003  9.4399944e+002  1.9369590e+004  1.1567783e+007
  5.0400000e+003  9.4393722e+002  1.9052694e+004  1.1380508e+007
  5.0560000e+003  9.4387500e+002  1.8861372e+004  1.1246871e+007
  5.0720000e+003  9.4381278e+002  1.8737799e+004  1.1143354e+007
  5.0880000e+003  9.4375056e+002  1.8856063e+004  1.1151439e+007
  5.1040000e+003  9.4368833e+002  1.8564462e+004  1.0981784e+007
  5.1200000e+003  9.4362611e+002  1.8080552e+004  1.0722167e+007
  5.1360000e+003  9.4356389e+002  1.7877003e+004  1.0586194e+007
  5.1520000e+003  9.4350167e+002  1.7878326e+004  1.0548371e+007
  5.1680000e+003  9.4343944e+002  1.7784466e+004  1.0470664e+007
  5.1840000e+003  9.4337722e+002  1.7657827e+004  1.0379574e+007
  5.2000000e+003  9.4331500e+002  1.7124980e+004  1.0103856e+007
  5.2160000e+003  9.4325278e+002  1.6681293e+004  9.8607573e+006
  5.2320000e+003  9.4319056e+002  1.6523028e+004  9.7473069e+006
  5.2480000e+003  9.4312833e+002  1.6324557e+004  9.6174941e+006
  5.2640000e+003  9.4306611e+002  1.6315185e+004  9.5824962e+006
  5.2800000e+003  9.4300389e+002  1.6316232e+004  9.5610733e+006
  5.2960000e+003  9.4294167e+002  1.5393732e+004  9.1047841e+006
  5.3120000e+003  9.4287944e+002  1.4986316e+004  8.8767238e+006
  5.3280000e+003  9.4281722e+002  1.5000282e+004  8.8567238e+006
  5.3440000e+003  9.4275500e+002  1.4717102e+004  8.7021289e+006
  5.3600000e+003  9.4269278e+002  1.3976046e+004  8.3177355e+006
  5.3760000e+003  9.4263056e+002  1.3719644e+004  8.1607321e+006
  5.3920000e+003  9.4256833e+002  1.3728631e+004  8.1407321e+006
  5.4080000e+003  9.4250611e+002  1.3484057e+004  8.0005767e+006
  5.4240000e+003  9.4244389e+002  1.3217538e+004  7.8457823e+006
  5.4400000e+003  9.4238167e+002  1.2701365e+004  7.5657675e+006
  5.4560000e+003  9.4231944e+002  1.2259596e+004  7.3163624e+006
  5.4720000e+003  9.4225722e+002  1.1903900e+004  7.1079904e+006
  5.4880000e+003  9.4219500e+002  1.1569310e+004  6.9097800e+006
  5.5040000e+003  9.4213278e+002  1.1535379e+004  6.8653837e+006
  5.5200000e+003  9.4207056e+002  1.1435574e+004  6.7915864e+006
  5.5360000e+003  9.4200833e+002  1.0804866e+004  6.4477263e+006
  5.5520000e+003  9.4194611e+002  1.0452269e+004  6.2408993e+006
  5.5680000e+003  9.4188389e+002  1.0415879e+004  6.1981506e+006
  5.5840000e+003  9.4182167e+002  1.0185605e+004  6.0581948e+006
  5.6000000e+003  9.4175944e+002  9.8518882e+003  5.8640286e+006
  5.6160000e+003  9.4169722e+002  9.6779398e+003  5.7526530e+006
  5.6320000e+003  9.4163500e+002  9.6665834e+003  5.7326530e+006
  5.6480000e+003  9.4157278e+002  9.2975790e+003  5.5290232e+006
  5.6640000e+003  9.4151056e+002  8.8754791e+003  5.2910142e+006
  5.6800000e+003  9.4144833e+002  8.3805695e+003  5.0110865e+006
  5.6960000e+003  9.4138611e+002  8.3161596e+003  4.9607132e+006
  5.7120000e+003  9.4132389e+002  8.2939706e+003  4.9370517e+006
  5.7280000e+003  9.4126167e+002  8.2279890e+003  4.8912629e+006
  5.7440000e+003  9.4119944e+002  8.2006580e+003  4.8670365e+006
  5.7600000e+003  9.4113722e+002  8.1548222e+003  4.8342150e+006
  5.7760000e+003  9.4107500e+002  7.9969720e+003  4.7415413e+006
  5.7920000e+003  9.4101278e+002  7.8972539e+003  4.6787797e+006
  5.8080000e+003  9.4095056e+002  7.8099657e+003  4.6225302e+006
  5.8240000e+003  9.4088833e+002  7.7250695e+003  4.5676246e+006
  5.8400000e+003  9.4082611e+002  7.6404890e+003  4.5129914e+006
  5.8560000e+003  9.4076389e+002  7.5797258e+003  4.4713778e+006
  5.8720000e+003  9.4070167e+002  7.5545557e+003  4.4507271e+006
  5.8880000e+003  9.4063944e+002  7.4178175e+003  4.3712974e+006
  5.9040000e+003  9.4057722e+002  7.2795689e+003  4.2892326e+006
  5.9200000e+003  9.4051500e+002  7.1828047e+003  4.2287307e+006
  5.9360000e+003  9.4045278e+002  7.0949311e+003  4.1729520e+006
  5.9520000e+003  9.4039056e+002  7.0533339e+003  4.1422406e+006
  5.9680000e+003  9.4032833e+002  6.9964424e+003  4.1041540e+006
  5.9840000e+003  9.4026611e+002  6.8648969e+003  4.0261346e+006
  6.0000000e+003  9.4020389e+002  6.7657791e+003  3.9648915e+006
  6.0160000e+003  9.4014167e+002  6.6766518e+003  3.9089589e+006
  6.0320000e+003  9.4007944e+002  6.5894142e+003  3.8541177e+006
  6.0480000e+003  9.4001722e+002  6.5023985e+003  3.7994976e+006
  6.0640000e+003  9.3995500e+002  6.4152678e+003  3.7449222e+006
  6.0800000e+003  9.3989278e+002  6.3279544e+003  3.6903557e+006
  6.0960000e+003  9.3983056e+002  6.2404456e+003  3.6357911e+006
  6.1120000e+003  9.3976833e+002  6.1527393e+003  3.5812269e+006
  6.1280000e+003  9.3970611e+002  6.0648358e+003  3.5266628e+006
  6.1440000e+003  9.3964389e+002  5.9767358e+003  3.4720986e+006
  6.1600000e+003  9.3958167e+002  5.8884401e+003  3.4175345e+006
  6.1760000e+003  9.3951944e+002  5.7999495e+003  3.3629703e+006
  6.1920000e+003  9.3945722e+002  5.7112648e+003  3.3084062e+006
  6.2080000e+003  9.3939500e+002  5.6223868e+003  3.2538420e+006
  6.2240000e+003  9.3933278e+002  5.5333162e+003  3.1992779e+006
  6.2400000e+003  9.3927056e+002  5.4440539e+003  3.1447138e+006
  6.2560000e+003  9.3920833e+002  5.3546006e+003  3.0901496e+006
  6.2720000e+003  9.3914611e+002  5.2729236e+003  3.0399060e+006
  6.2880000e+003  9.3908389e+002  5.2425999e+003  3.0199060e+006
  6.3040000e+003  9.3902167e+002  5.1391479e+003  2.9619379e+006
  6.3200000e+003  9.3895944e+002  4.9166887e+003  2.8374144e+006
  6.3360000e+003  9.3889722e+002  4.8231681e+003  2.7814190e+006
  6.3520000e+003  9.3883500e+002  4.7907706e+003  2.7593688e+006
  6.3680000e+003  9.3877278e+002  4.6549714e+003  2.6816299e+006
  6.3840000e+003  9.3871056e+002  4.5182553e+003  2.6024213e+006
  6.4000000e+003  9.3864833e+002  4.4608617e+003  2.5662911e+006
  6.4160000e+003  9.3858611e+002  4.4221959e+003  2.5411866e+006
  6.4320000e+003  9.3852389e+002  4.3825233e+003  2.5159291e+006
  6.4480000e+003  9.3846167e+002  4.3304685e+003  2.4842920e+006
  6.4640000e+003  9.3839944e+002  4.2953159e+003  2.4625176e+006
  6.4800000e+003  9.3833722e+002  4.2590533e+003  2.4408882e+006
  6.4960000e+003  9.3827500e+002  4.1026432e+003  2.3532926e+006
  6.5120000e+003  9.3821278e+002  3.9902105e+003  2.2886886e+006
  6.5280000e+003  9.3815056e+002  3.8258020e+003  2.1950062e+006
  6.5440000e+003  9.3808833e+002  3.7179641e+003  2.1317671e+006
  6.5600000e+003  9.3802611e+002  3.6227399e+003  2.0754176e+006
  6.5760000e+003  9.3796389e+002  3.5299766e+003  2.0204916e+006
  6.5920000e+003  9.3790167e+002  3.4375701e+003  1.9658543e+006
  6.6080000e+003  9.3783944e+002  3.3450941e+003  1.9112754e+006
  6.6240000e+003  9.3777722e+002  3.2524630e+003  1.8567083e+006
  6.6400000e+003  9.3771500e+002  3.1979471e+003  1.8237464e+006
  6.6560000e+003  9.3765278e+002  3.1639546e+003  1.8037464e+006
  6.6720000e+003  9.3759056e+002  3.0292904e+003  1.7284970e+006
  6.6880000e+003  9.3752833e+002  2.9253184e+003  1.6691019e+006
  6.7040000e+003  9.3746611e+002  2.7447873e+003  1.5670834e+006
  6.7200000e+003  9.3740389e+002  2.6256650e+003  1.4983817e+006
  6.7360000e+003  9.3734167e+002  2.5923116e+003  1.4783817e+006
  6.7520000e+003  9.3727944e+002  2.5295339e+003  1.4432611e+006
  6.7680000e+003  9.3721722e+002  2.2720050e+003  1.2989750e+006
  6.7840000e+003  9.3715500e+002  2.1680580e+003  1.2388293e+006
  6.8000000e+003  9.3709278e+002  2.2026414e+003  1.2555229e+006
  6.8160000e+003  9.3703056e+002  2.2159831e+003  1.2604074e+006
  6.8320000e+003  9.3696833e+002  2.2245604e+003  1.2625386e+006
  6.8480000e+003  9.3690611e+002  2.2437849e+003  1.2704764e+006
  6.8640000e+003  9.3684389e+002  2.2652697e+003  1.2796088e+006
  6.8800000e+003  9.3678167e+002  2.2872790e+003  1.2889834e+006
  6.8960000e+003  9.3671944e+002  2.3094596e+003  1.2984069e+006
  6.9120000e+003  9.3665722e+002  2.3317403e+003  1.3078402e+006
  6.9280000e+003  9.3659500e+002  2.3541065e+003  1.3172756e+006
  6.9440000e+003  9.3653278e+002  2.3765554e+003  1.3267113e+006
  6.9600000e+003  9.3647056e+002  2.4526802e+003  1.3664581e+006
  6.9760000e+003  9.3640833e+002  2.5348537e+003  1.4104581e+006
  6.9920000e+003  9.3634611e+002  2.6166071e+003  1.4543608e+006
  7.0080000e+003  9.3628389e+002  2.6985104e+003  1.4982979e+006
  7.0240000e+003  9.3622167e+002  2.7806552e+003  1.5422807e+006
  7.0400000e+003  9.3615944e+002  2.8629868e+003  1.5862727e+006
  7.0560000e+003  9.3609722e+002  2.9454945e+003  1.6302662e+006
  7.0720000e+003  9.3603500e+002  3.0281770e+003  1.6742601e+006
  7.0880000e+003  9.3597278e+002  3.1110344e+003  1.7182540e+006
  7.1040000e+003  9.3591056e+002  3.1940674e+003  1.7622480e+006
  7.1200000e+003  9.3584833e+002  3.2772765e+003  1.8062419e+006
  7.1360000e+003  9.3578611e+002  3.3606621e+003  1.8502359e+006
  7.1520000e+003  9.3572389e+002  3.4442249e+003  1.8942298e+006
  7.1680000e+003  9.3566167e+002  3.5279655e+003  1.9382238e+006
  7.1840000e+003  9.3559944e+002  3.6118845e+003  1.9822178e+006
  7.2000000e+003  9.3553722e+002  3.6959862e+003  2.0262137e+006
  7.2160000e+003  9.3547500e+002  3.7802674e+003  2.0702097e+006
  7.2320000e+003  9.3541278e+002  3.8647286e+003  2.1142057e+006
  7.2480000e+003  9.3535056e+002  3.9493705e+003  2.1582016e+006
  7.2640000e+003  9.3528833e+002  4.0341936e+003  2.2021976e+006
  7.2800000e+003  9.3522611e+002  4.1191985e+003  2.2461936e+006
  7.2960000e+003  9.3516389e+002  4.2043857e+003  2.2901895e+006
  7.3120000e+003  9.3510167e+002  4.2897560e+003  2.3341855e+006
  7.3280000e+003  9.3503944e+002  4.3753098e+003  2.3781815e+006
  7.3440000e+003  9.3497722e+002  4.4610477e+003  2.4221774e+006
  7.3600000e+003  9.3491500e+002  4.5469704e+003  2.4661734e+006
  7.3760000e+003  9.3485278e+002  4.6330785e+003  2.5101694e+006
  7.3920000e+003  9.3479056e+002  4.7193725e+003  2.5541653e+006
  7.4080000e+003  9.3472833e+002  4.8058531e+003  2.5981613e+006
  7.4240000e+003  9.3466611e+002  4.8925208e+003  2.6421573e+006
  7.4400000e+003  9.3460389e+002  4.9793763e+003  2.6861532e+006
  7.4560000e+003  9.3454167e+002  5.0664202e+003  2.7301492e+006
  7.4720000e+003  9.3447944e+002  5.1536531e+003  2.7741452e+006
  7.4880000e+003  9.3441722e+002  5.2410757e+003  2.8181411e+006
  7.5040000e+003  9.3435500e+002  5.3286884e+003  2.8621371e+006
  7.5200000e+003  9.3429278e+002  5.4164921e+003  2.9061331e+006
  7.5360000e+003  9.3423056e+002  5.5044872e+003  2.9501290e+006
  7.5520000e+003  9.3416833e+002  5.5926745e+003  2.9941250e+006
  7.5680000e+003  9.3410611e+002  5.6810545e+003  3.0381210e+006
  7.5840000e+003  9.3404389e+002  5.7696279e+003  3.0821169e+006
  7.6000000e+003  9.3398167e+002  5.8583953e+003  3.1261129e+006
  7.6160000e+003  9.3391944e+002  5.9473573e+003  3.1701089e+006
  7.6320000e+003  9.3385722e+002  6.0365147e+003  3.2141048e+006
  7.6480000e+003  9.3379500e+002  6.1258680e+003  3.2581008e+006
  7.6640000e+003  9.3373278e+002  6.2154180e+003  3.3020968e+006
  7.6800000e+003  9.3367056e+002  6.3051651e+003  3.3460927e+006
  7.6960000e+003  9.3360833e+002  6.3951102e+003  3.3900887e+006
  7.7120000e+003  9.3354611e+002  6.4852539e+003  3.4340847e+006
  7.7280000e+003  9.3348389e+002  6.5755967e+003  3.4780806e+006
  7.7440000e+003  9.3342167e+002  6.6661395e+003  3.5220766e+006
  7.7600000e+003  9.3335944e+002  6.7568828e+003  3.5660726e+006
  7.7760000e+003  9.3329722e+002  6.8478273e+003  3.6100686e+006
  7.7920000e+003  9.3323500e+002  6.9389737e+003  3.6540645e+006
  7.8080000e+003  9.3317278e+002  7.0303226e+003  3.6980605e+006
  7.8240000e+003  9.3311056e+002  7.1218748e+003  3.7420565e+006
  7.8400000e+003  9.3304833e+002  7.2136309e+003  3.7860524e+006
  7.8560000e+003  9.3298611e+002  7.3055917e+003  3.8300484e+006
  7.8720000e+003  9.3292389e+002  7.3977577e+003  3.8740444e+006
  7.8880000e+003  9.3286167e+002  7.4901297e+003  3.9180403e+006
  7.9040000e+003  9.3279944e+002  7.5827084e+003  3.9620363e+006
  7.9200000e+003  9.3273722e+002  7.6754944e+003  4.0060323e+006
  7.9360000e+003  9.3267500e+002  7.7684885e+003  4.0500282e+006
  7.9520000e+003  9.3261278e+002  7.8616914e+003  4.0940242e+006
  7.9680000e+003  9.3255056e+002  7.9551038e+003  4.1380202e+006
  7.9840000e+003  9.3248833e+002  8.0487263e+003  4.1820161e+006
  8.0000000e+003  9.3242611e+002  8.1425598e+003  4.2260121e+006
